! s functions
 H          12          12
   0.002499999944121  1.0  0.0  0.0  0.0  0.0  0.0  0.0  0.0  0.0  0.0  0.0  0.0
   0.007524999789894  0.0  1.0  0.0  0.0  0.0  0.0  0.0  0.0  0.0  0.0  0.0  0.0
   0.022650249302387  0.0  0.0  1.0  0.0  0.0  0.0  0.0  0.0  0.0  0.0  0.0  0.0
   0.068177253007889  0.0  0.0  0.0  1.0  0.0  0.0  0.0  0.0  0.0  0.0  0.0  0.0
   0.205213516950607  0.0  0.0  0.0  0.0  1.0  0.0  0.0  0.0  0.0  0.0  0.0  0.0
   0.617692708969116  0.0  0.0  0.0  0.0  0.0  1.0  0.0  0.0  0.0  0.0  0.0  0.0
   1.859255075454712  0.0  0.0  0.0  0.0  0.0  0.0  1.0  0.0  0.0  0.0  0.0  0.0
   5.596357822418213  0.0  0.0  0.0  0.0  0.0  0.0  0.0  1.0  0.0  0.0  0.0  0.0
  16.845035552978516  0.0  0.0  0.0  0.0  0.0  0.0  0.0  0.0  1.0  0.0  0.0  0.0
  50.703559875488281  0.0  0.0  0.0  0.0  0.0  0.0  0.0  0.0  0.0  1.0  0.0  0.0
 152.617706298828125  0.0  0.0  0.0  0.0  0.0  0.0  0.0  0.0  0.0  0.0  1.0  0.0
 459.379333496093750  0.0  0.0  0.0  0.0  0.0  0.0  0.0  0.0  0.0  0.0  0.0  1.0
! p functions
 H           8           8
   0.009999999776483  1.0  0.0  0.0  0.0  0.0  0.0  0.0  0.0
   0.027000000700355  0.0  1.0  0.0  0.0  0.0  0.0  0.0  0.0
   0.072900004684925  0.0  0.0  1.0  0.0  0.0  0.0  0.0  0.0
   0.196830004453659  0.0  0.0  0.0  1.0  0.0  0.0  0.0  0.0
   0.531441032886505  0.0  0.0  0.0  0.0  1.0  0.0  0.0  0.0
   1.434890866279602  0.0  0.0  0.0  0.0  0.0  1.0  0.0  0.0
   3.874205350875854  0.0  0.0  0.0  0.0  0.0  0.0  1.0  0.0
  10.460353851318359  0.0  0.0  0.0  0.0  0.0  0.0  0.0  1.0
! d functions
 H           4           4
   0.035399999469519  1.0  0.0  0.0  0.0
   0.113279998302460  0.0  1.0  0.0  0.0
   0.362496018409729  0.0  0.0  1.0  0.0
   1.159987211227417  0.0  0.0  0.0  1.0
! f functions
 H           2           2
   0.122000001370907  1.0  0.0
   0.365999996662140  0.0  1.0

