! s functions
 H           9           9
    10.00000000      1.00000000      0.00000000      0.00000000      0.00000000      0.00000000      0.00000000      0.00000000      0.00000000      0.00000000
     3.16227764      0.00000000      1.00000000      0.00000000      0.00000000      0.00000000      0.00000000      0.00000000      0.00000000      0.00000000
     0.99999999      0.00000000      0.00000000      1.00000000      0.00000000      0.00000000      0.00000000      0.00000000      0.00000000      0.00000000
     0.31622776      0.00000000      0.00000000      0.00000000      1.00000000      0.00000000      0.00000000      0.00000000      0.00000000      0.00000000
     0.10000000      0.00000000      0.00000000      0.00000000      0.00000000      1.00000000      0.00000000      0.00000000      0.00000000      0.00000000
     0.03162278      0.00000000      0.00000000      0.00000000      0.00000000      0.00000000      1.00000000      0.00000000      0.00000000      0.00000000
     0.01000000      0.00000000      0.00000000      0.00000000      0.00000000      0.00000000      0.00000000      1.00000000      0.00000000      0.00000000
     0.00316228      0.00000000      0.00000000      0.00000000      0.00000000      0.00000000      0.00000000      0.00000000      1.00000000      0.00000000
     0.00100000      0.00000000      0.00000000      0.00000000      0.00000000      0.00000000      0.00000000      0.00000000      0.00000000      1.00000000
! p functions
 H           6           6
     3.00000000      1.00000000      0.00000000      0.00000000      0.00000000      0.00000000      0.00000000
     0.75356591      0.00000000      1.00000000      0.00000000      0.00000000      0.00000000      0.00000000
     0.18928719      0.00000000      0.00000000      1.00000000      0.00000000      0.00000000      0.00000000
     0.04754679      0.00000000      0.00000000      0.00000000      1.00000000      0.00000000      0.00000000
     0.01194321      0.00000000      0.00000000      0.00000000      0.00000000      1.00000000      0.00000000
     0.00300000      0.00000000      0.00000000      0.00000000      0.00000000      0.00000000      1.00000000
! d functions
 H           3           3
     1.00000000      1.00000000      0.00000000      0.00000000
     0.03162277      0.00000000      1.00000000      0.00000000
     0.00100000      0.00000000      0.00000000      1.00000000

