          80
           1  -17.1029407575918     
           2  -2.13840417339366     
           3  -1.73654654004630     
           4  -1.73654654004630     
           5  -1.73654654004630     
           6 -0.722321183261817     
           7 -0.626326555203032     
           8 -0.626326555203017     
           9 -0.626326555203010     
          10 -0.514959252639670     
          11 -0.514959252639610     
          12 -0.514959252639610     
          13 -0.514959252639610     
          14 -0.514959252639590     
          15 -0.366448132067299     
          16 -0.330376048193537     
          17 -0.330376048193537     
          18 -0.330376048193532     
          19 -0.286703883264824     
          20 -0.286703883264801     
          21 -0.286703883264801     
          22 -0.286703883264801     
          23 -0.286703883264782     
          24 -0.220668409444333     
          25 -0.217549518764304     
          26 -0.217549518764304     
          27 -0.217549518764304     
          28 -0.217549518764303     
          29 -0.217549518764301     
          30 -0.217549518764297     
          31 -0.217549518764297     
          32 -0.202853341229703     
          33 -0.202853341229700     
          34 -0.202853341229699     
          35 -0.144928630098365     
          36 -0.113289638905944     
          37 -0.113289638905938     
          38 -0.113289638905927     
          39 -0.102826271989885     
          40 -3.429965237934666E-002
          41  5.598048635557275E-002
          42  5.598048635560580E-002
          43  5.598048635560599E-002
          44  5.598048635560601E-002
          45  5.598048635560808E-002
          46  0.177265728646242     
          47  0.177265728646337     
          48  0.177265728646382     
          49  0.236041431183712     
          50  0.536392408686341     
          51  0.536392408686342     
          52  0.536392408686343     
          53  0.536392408686343     
          54  0.536392408686344     
          55  0.536392408686346     
          56  0.536392408686348     
          57  0.841117148604023     
          58  0.841117148604103     
          59  0.841117148604113     
          60  0.973738380969259     
          61   1.94106522377532     
          62   1.94106522377536     
          63   1.94106522377536     
          64   1.94106522377536     
          65   1.94106522377543     
          66   2.39925949156828     
          67   2.39925949156834     
          68   2.39925949156840     
          69   2.56872802650088     
          70   6.35002973687416     
          71   7.71387892498860     
          72   7.71387892498867     
          73   7.71387892498870     
          74   22.2806835227146     
          75   25.4480782478304     
          76   25.4480782478304     
          77   25.4480782478305     
          78   89.3491078406675     
          79   332.886792796598     
          80   1166.23786988609     
