 # for each eigenvalue : ci, icenter, icgto, ix, iy, iz 
          45          45
           1 -0.499356993302212     
     0.021804730558834    1    1    0    0    0
     0.042983260794043    1    2    0    0    0
     0.210343408351070    1    3    0    0    0
     0.499220291815892    1    4    0    0    0
     0.392030603171407    1    5    0    0    0
    -0.023174956346637    1    6    0    0    0
    -0.021052840573093    1    7    0    0    0
     0.009864320429727    1    8    0    0    0
    -0.006138948975403    1    9    0    0    0
     0.000000000000000    1    1    1    0    0
     0.000000000000000    1    1    0    1    0
     0.000000000000000    1    1    0    0    1
     0.000000000000000    1    2    1    0    0
     0.000000000000000    1    2    0    1    0
     0.000000000000000    1    2    0    0    1
     0.000000000000000    1    3    1    0    0
     0.000000000000000    1    3    0    1    0
     0.000000000000000    1    3    0    0    1
     0.000000000000000    1    4    1    0    0
     0.000000000000000    1    4    0    1    0
     0.000000000000000    1    4    0    0    1
     0.000000000000000    1    5    1    0    0
     0.000000000000000    1    5    0    1    0
     0.000000000000000    1    5    0    0    1
     0.000000000000000    1    6    1    0    0
     0.000000000000000    1    6    0    1    0
     0.000000000000000    1    6    0    0    1
    -0.005254677635512    1    1    2    0    0
     0.000000000000000    1    1    1    1    0
     0.000000000000000    1    1    1    0    1
    -0.005254677635512    1    1    0    2    0
     0.000000000000000    1    1    0    1    1
    -0.005254677635512    1    1    0    0    2
     0.014293550699862    1    2    2    0    0
     0.000000000000000    1    2    1    1    0
     0.000000000000000    1    2    1    0    1
     0.014293550699862    1    2    0    2    0
     0.000000000000000    1    2    0    1    1
     0.014293550699862    1    2    0    0    2
     0.001190596864352    1    3    2    0    0
     0.000000000000000    1    3    1    1    0
     0.000000000000000    1    3    1    0    1
     0.001190596864352    1    3    0    2    0
     0.000000000000000    1    3    0    1    1
     0.001190596864352    1    3    0    0    2
           2 -0.124884315886568     
    -0.007990522742168    1    1    0    0    0
    -0.014384578368260    1    2    0    0    0
    -0.081153400383704    1    3    0    0    0
    -0.279140871248492    1    4    0    0    0
    -0.255829424939642    1    5    0    0    0
     0.789073285836179    1    6    0    0    0
     0.401604186124177    1    7    0    0    0
    -0.076581004262749    1    8    0    0    0
     0.045786715996372    1    9    0    0    0
     0.000000000000000    1    1    1    0    0
     0.000000000000000    1    1    0    1    0
     0.000000000000000    1    1    0    0    1
     0.000000000000000    1    2    1    0    0
     0.000000000000000    1    2    0    1    0
     0.000000000000000    1    2    0    0    1
     0.000000000000000    1    3    1    0    0
     0.000000000000000    1    3    0    1    0
     0.000000000000000    1    3    0    0    1
     0.000000000000000    1    4    1    0    0
     0.000000000000000    1    4    0    1    0
     0.000000000000000    1    4    0    0    1
     0.000000000000000    1    5    1    0    0
     0.000000000000000    1    5    0    1    0
     0.000000000000000    1    5    0    0    1
     0.000000000000000    1    6    1    0    0
     0.000000000000000    1    6    0    1    0
     0.000000000000000    1    6    0    0    1
     0.004548845214662    1    1    2    0    0
     0.000000000000000    1    1    1    1    0
     0.000000000000000    1    1    1    0    1
     0.004548845214662    1    1    0    2    0
     0.000000000000000    1    1    0    1    1
     0.004548845214662    1    1    0    0    2
     0.033613915172140    1    2    2    0    0
     0.000000000000000    1    2    1    1    0
     0.000000000000000    1    2    1    0    1
     0.033613915172137    1    2    0    2    0
     0.000000000000000    1    2    0    1    1
     0.033613915172141    1    2    0    0    2
    -0.008793137429713    1    3    2    0    0
     0.000000000000000    1    3    1    1    0
     0.000000000000000    1    3    1    0    1
    -0.008793137429712    1    3    0    2    0
     0.000000000000000    1    3    0    1    1
    -0.008793137429713    1    3    0    0    2
           3 -0.124645474879239     
     0.000000000000000    1    1    0    0    0
     0.000000000000000    1    2    0    0    0
     0.000000000000000    1    3    0    0    0
     0.000000000000000    1    4    0    0    0
     0.000000000000000    1    5    0    0    0
     0.000000000000000    1    6    0    0    0
     0.000000000000000    1    7    0    0    0
     0.000000000000000    1    8    0    0    0
     0.000000000000000    1    9    0    0    0
     0.000000000000000    1    1    1    0    0
     0.000000000000000    1    1    0    1    0
     0.002396656416097    1    1    0    0    1
     0.000000000000000    1    2    1    0    0
     0.000000000000000    1    2    0    1    0
     0.018888354224581    1    2    0    0    1
     0.000000000000000    1    3    1    0    0
     0.000000000000000    1    3    0    1    0
     0.191025972818609    1    3    0    0    1
     0.000000000000000    1    4    1    0    0
     0.000000000000000    1    4    0    1    0
     0.712168852122577    1    4    0    0    1
     0.000000000000000    1    5    1    0    0
     0.000000000000000    1    5    0    1    0
     0.268245843555983    1    5    0    0    1
     0.000000000000000    1    6    1    0    0
     0.000000000000000    1    6    0    1    0
    -0.032410267172180    1    6    0    0    1
     0.000000000000000    1    1    2    0    0
     0.000000000000000    1    1    1    1    0
     0.000000000000000    1    1    1    0    1
     0.000000000000000    1    1    0    2    0
     0.000000000000000    1    1    0    1    1
     0.000000000000000    1    1    0    0    2
     0.000000000000000    1    2    2    0    0
     0.000000000000000    1    2    1    1    0
     0.000000000000000    1    2    1    0    1
     0.000000000000000    1    2    0    2    0
     0.000000000000000    1    2    0    1    1
     0.000000000000000    1    2    0    0    2
     0.000000000000000    1    3    2    0    0
     0.000000000000000    1    3    1    1    0
     0.000000000000000    1    3    1    0    1
     0.000000000000000    1    3    0    2    0
     0.000000000000000    1    3    0    1    1
     0.000000000000000    1    3    0    0    2
           4 -0.124645474879239     
     0.000000000000000    1    1    0    0    0
     0.000000000000000    1    2    0    0    0
     0.000000000000000    1    3    0    0    0
     0.000000000000000    1    4    0    0    0
     0.000000000000000    1    5    0    0    0
     0.000000000000000    1    6    0    0    0
     0.000000000000000    1    7    0    0    0
     0.000000000000000    1    8    0    0    0
     0.000000000000000    1    9    0    0    0
     0.000000000000000    1    1    1    0    0
     0.002396656416097    1    1    0    1    0
     0.000000000000000    1    1    0    0    1
     0.000000000000000    1    2    1    0    0
     0.018888354224581    1    2    0    1    0
     0.000000000000000    1    2    0    0    1
     0.000000000000000    1    3    1    0    0
     0.191025972818608    1    3    0    1    0
     0.000000000000000    1    3    0    0    1
     0.000000000000000    1    4    1    0    0
     0.712168852122577    1    4    0    1    0
     0.000000000000000    1    4    0    0    1
     0.000000000000000    1    5    1    0    0
     0.268245843555984    1    5    0    1    0
     0.000000000000000    1    5    0    0    1
     0.000000000000000    1    6    1    0    0
    -0.032410267172180    1    6    0    1    0
     0.000000000000000    1    6    0    0    1
     0.000000000000000    1    1    2    0    0
     0.000000000000000    1    1    1    1    0
     0.000000000000000    1    1    1    0    1
     0.000000000000000    1    1    0    2    0
     0.000000000000000    1    1    0    1    1
     0.000000000000000    1    1    0    0    2
     0.000000000000000    1    2    2    0    0
     0.000000000000000    1    2    1    1    0
     0.000000000000000    1    2    1    0    1
     0.000000000000000    1    2    0    2    0
     0.000000000000000    1    2    0    1    1
     0.000000000000000    1    2    0    0    2
     0.000000000000000    1    3    2    0    0
     0.000000000000000    1    3    1    1    0
     0.000000000000000    1    3    1    0    1
     0.000000000000000    1    3    0    2    0
     0.000000000000000    1    3    0    1    1
     0.000000000000000    1    3    0    0    2
           5 -0.124645474879239     
     0.000000000000000    1    1    0    0    0
     0.000000000000000    1    2    0    0    0
     0.000000000000000    1    3    0    0    0
     0.000000000000000    1    4    0    0    0
     0.000000000000000    1    5    0    0    0
     0.000000000000000    1    6    0    0    0
     0.000000000000000    1    7    0    0    0
     0.000000000000000    1    8    0    0    0
     0.000000000000000    1    9    0    0    0
     0.002396656416097    1    1    1    0    0
     0.000000000000000    1    1    0    1    0
     0.000000000000000    1    1    0    0    1
     0.018888354224581    1    2    1    0    0
     0.000000000000000    1    2    0    1    0
     0.000000000000000    1    2    0    0    1
     0.191025972818609    1    3    1    0    0
     0.000000000000000    1    3    0    1    0
     0.000000000000000    1    3    0    0    1
     0.712168852122576    1    4    1    0    0
     0.000000000000000    1    4    0    1    0
     0.000000000000000    1    4    0    0    1
     0.268245843555984    1    5    1    0    0
     0.000000000000000    1    5    0    1    0
     0.000000000000000    1    5    0    0    1
    -0.032410267172180    1    6    1    0    0
     0.000000000000000    1    6    0    1    0
     0.000000000000000    1    6    0    0    1
     0.000000000000000    1    1    2    0    0
     0.000000000000000    1    1    1    1    0
     0.000000000000000    1    1    1    0    1
     0.000000000000000    1    1    0    2    0
     0.000000000000000    1    1    0    1    1
     0.000000000000000    1    1    0    0    2
     0.000000000000000    1    2    2    0    0
     0.000000000000000    1    2    1    1    0
     0.000000000000000    1    2    1    0    1
     0.000000000000000    1    2    0    2    0
     0.000000000000000    1    2    0    1    1
     0.000000000000000    1    2    0    0    2
     0.000000000000000    1    3    2    0    0
     0.000000000000000    1    3    1    1    0
     0.000000000000000    1    3    1    0    1
     0.000000000000000    1    3    0    2    0
     0.000000000000000    1    3    0    1    1
     0.000000000000000    1    3    0    0    2
           6 -5.537243808344435E-002
     0.004511535693733    1    1    0    0    0
     0.006822743668955    1    2    0    0    0
     0.043408004780047    1    3    0    0    0
     0.181155964905575    1    4    0    0    0
     0.108309340731798    1    5    0    0    0
    -0.977105923242416    1    6    0    0    0
     0.551872986383546    1    7    0    0    0
     1.138777850334415    1    8    0    0    0
    -0.370557307701713    1    9    0    0    0
     0.000000000000000    1    1    1    0    0
     0.000000000000000    1    1    0    1    0
     0.000000000000000    1    1    0    0    1
     0.000000000000000    1    2    1    0    0
     0.000000000000000    1    2    0    1    0
     0.000000000000000    1    2    0    0    1
     0.000000000000000    1    3    1    0    0
     0.000000000000000    1    3    0    1    0
     0.000000000000000    1    3    0    0    1
     0.000000000000000    1    4    1    0    0
     0.000000000000000    1    4    0    1    0
     0.000000000000000    1    4    0    0    1
     0.000000000000000    1    5    1    0    0
     0.000000000000000    1    5    0    1    0
     0.000000000000000    1    5    0    0    1
     0.000000000000000    1    6    1    0    0
     0.000000000000000    1    6    0    1    0
     0.000000000000000    1    6    0    0    1
    -0.004407176206598    1    1    2    0    0
     0.000000000000000    1    1    1    1    0
     0.000000000000000    1    1    1    0    1
    -0.004407176206598    1    1    0    2    0
     0.000000000000000    1    1    0    1    1
    -0.004407176206598    1    1    0    0    2
    -0.125106336337804    1    2    2    0    0
     0.000000000000000    1    2    1    1    0
     0.000000000000000    1    2    1    0    1
    -0.125106336337800    1    2    0    2    0
     0.000000000000000    1    2    0    1    1
    -0.125106336337811    1    2    0    0    2
     0.067576281590897    1    3    2    0    0
     0.000000000000000    1    3    1    1    0
     0.000000000000000    1    3    1    0    1
     0.067576281590897    1    3    0    2    0
     0.000000000000000    1    3    0    1    1
     0.067576281590897    1    3    0    0    2
           7 -5.451888381689207E-002
     0.000000000000000    1    1    0    0    0
     0.000000000000000    1    2    0    0    0
     0.000000000000000    1    3    0    0    0
     0.000000000000000    1    4    0    0    0
     0.000000000000000    1    5    0    0    0
     0.000000000000000    1    6    0    0    0
     0.000000000000000    1    7    0    0    0
     0.000000000000000    1    8    0    0    0
     0.000000000000000    1    9    0    0    0
     0.000000000000000    1    1    1    0    0
     0.000000000000000    1    1    0    1    0
    -0.001512293255785    1    1    0    0    1
     0.000000000000000    1    2    1    0    0
     0.000000000000000    1    2    0    1    0
    -0.012409569546284    1    2    0    0    1
     0.000000000000000    1    3    1    0    0
     0.000000000000000    1    3    0    1    0
    -0.131137425917345    1    3    0    0    1
     0.000000000000000    1    4    1    0    0
     0.000000000000000    1    4    0    1    0
    -0.569960089092969    1    4    0    0    1
     0.000000000000000    1    5    1    0    0
     0.000000000000000    1    5    0    1    0
     0.786421254180621    1    5    0    0    1
     0.000000000000000    1    6    1    0    0
     0.000000000000000    1    6    0    1    0
     0.431184491924795    1    6    0    0    1
     0.000000000000000    1    1    2    0    0
     0.000000000000000    1    1    1    1    0
     0.000000000000000    1    1    1    0    1
     0.000000000000000    1    1    0    2    0
     0.000000000000000    1    1    0    1    1
     0.000000000000000    1    1    0    0    2
     0.000000000000000    1    2    2    0    0
     0.000000000000000    1    2    1    1    0
     0.000000000000000    1    2    1    0    1
     0.000000000000000    1    2    0    2    0
     0.000000000000000    1    2    0    1    1
     0.000000000000000    1    2    0    0    2
     0.000000000000000    1    3    2    0    0
     0.000000000000000    1    3    1    1    0
     0.000000000000000    1    3    1    0    1
     0.000000000000000    1    3    0    2    0
     0.000000000000000    1    3    0    1    1
     0.000000000000000    1    3    0    0    2
           8 -5.451888381689202E-002
     0.000000000000000    1    1    0    0    0
     0.000000000000000    1    2    0    0    0
     0.000000000000000    1    3    0    0    0
     0.000000000000000    1    4    0    0    0
     0.000000000000000    1    5    0    0    0
     0.000000000000000    1    6    0    0    0
     0.000000000000000    1    7    0    0    0
     0.000000000000000    1    8    0    0    0
     0.000000000000000    1    9    0    0    0
    -0.001512293255785    1    1    1    0    0
     0.000000000000000    1    1    0    1    0
     0.000000000000000    1    1    0    0    1
    -0.012409569546284    1    2    1    0    0
     0.000000000000000    1    2    0    1    0
     0.000000000000000    1    2    0    0    1
    -0.131137425917345    1    3    1    0    0
     0.000000000000000    1    3    0    1    0
     0.000000000000000    1    3    0    0    1
    -0.569960089092969    1    4    1    0    0
     0.000000000000000    1    4    0    1    0
     0.000000000000000    1    4    0    0    1
     0.786421254180619    1    5    1    0    0
     0.000000000000000    1    5    0    1    0
     0.000000000000000    1    5    0    0    1
     0.431184491924796    1    6    1    0    0
     0.000000000000000    1    6    0    1    0
     0.000000000000000    1    6    0    0    1
     0.000000000000000    1    1    2    0    0
     0.000000000000000    1    1    1    1    0
     0.000000000000000    1    1    1    0    1
     0.000000000000000    1    1    0    2    0
     0.000000000000000    1    1    0    1    1
     0.000000000000000    1    1    0    0    2
     0.000000000000000    1    2    2    0    0
     0.000000000000000    1    2    1    1    0
     0.000000000000000    1    2    1    0    1
     0.000000000000000    1    2    0    2    0
     0.000000000000000    1    2    0    1    1
     0.000000000000000    1    2    0    0    2
     0.000000000000000    1    3    2    0    0
     0.000000000000000    1    3    1    1    0
     0.000000000000000    1    3    1    0    1
     0.000000000000000    1    3    0    2    0
     0.000000000000000    1    3    0    1    1
     0.000000000000000    1    3    0    0    2
           9 -5.451888381689202E-002
     0.000000000000000    1    1    0    0    0
     0.000000000000000    1    2    0    0    0
     0.000000000000000    1    3    0    0    0
     0.000000000000000    1    4    0    0    0
     0.000000000000000    1    5    0    0    0
     0.000000000000000    1    6    0    0    0
     0.000000000000000    1    7    0    0    0
     0.000000000000000    1    8    0    0    0
     0.000000000000000    1    9    0    0    0
     0.000000000000000    1    1    1    0    0
    -0.001512293255785    1    1    0    1    0
     0.000000000000000    1    1    0    0    1
     0.000000000000000    1    2    1    0    0
    -0.012409569546284    1    2    0    1    0
     0.000000000000000    1    2    0    0    1
     0.000000000000000    1    3    1    0    0
    -0.131137425917345    1    3    0    1    0
     0.000000000000000    1    3    0    0    1
     0.000000000000000    1    4    1    0    0
    -0.569960089092969    1    4    0    1    0
     0.000000000000000    1    4    0    0    1
     0.000000000000000    1    5    1    0    0
     0.786421254180619    1    5    0    1    0
     0.000000000000000    1    5    0    0    1
     0.000000000000000    1    6    1    0    0
     0.431184491924797    1    6    0    1    0
     0.000000000000000    1    6    0    0    1
     0.000000000000000    1    1    2    0    0
     0.000000000000000    1    1    1    1    0
     0.000000000000000    1    1    1    0    1
     0.000000000000000    1    1    0    2    0
     0.000000000000000    1    1    0    1    1
     0.000000000000000    1    1    0    0    2
     0.000000000000000    1    2    2    0    0
     0.000000000000000    1    2    1    1    0
     0.000000000000000    1    2    1    0    1
     0.000000000000000    1    2    0    2    0
     0.000000000000000    1    2    0    1    1
     0.000000000000000    1    2    0    0    2
     0.000000000000000    1    3    2    0    0
     0.000000000000000    1    3    1    1    0
     0.000000000000000    1    3    1    0    1
     0.000000000000000    1    3    0    2    0
     0.000000000000000    1    3    0    1    1
     0.000000000000000    1    3    0    0    2
          10 -4.081694876413889E-002
     0.000000000000000    1    1    0    0    0
     0.000000000000000    1    2    0    0    0
     0.000000000000000    1    3    0    0    0
    -0.000000000000000    1    4    0    0    0
     0.000000000000003    1    5    0    0    0
    -0.000000000000004    1    6    0    0    0
    -0.000000000000006    1    7    0    0    0
     0.000000000000001    1    8    0    0    0
     0.000000000000011    1    9    0    0    0
     0.000000000000000    1    1    1    0    0
     0.000000000000000    1    1    0    1    0
     0.000000000000000    1    1    0    0    1
     0.000000000000000    1    2    1    0    0
     0.000000000000000    1    2    0    1    0
     0.000000000000000    1    2    0    0    1
     0.000000000000000    1    3    1    0    0
     0.000000000000000    1    3    0    1    0
     0.000000000000000    1    3    0    0    1
     0.000000000000000    1    4    1    0    0
     0.000000000000000    1    4    0    1    0
     0.000000000000000    1    4    0    0    1
     0.000000000000000    1    5    1    0    0
     0.000000000000000    1    5    0    1    0
     0.000000000000000    1    5    0    0    1
     0.000000000000000    1    6    1    0    0
     0.000000000000000    1    6    0    1    0
     0.000000000000000    1    6    0    0    1
    -0.002422035197493    1    1    2    0    0
     0.000000000000000    1    1    1    1    0
     0.000000000000000    1    1    1    0    1
    -0.000555033424711    1    1    0    2    0
     0.000000000000000    1    1    0    1    1
     0.002977068622204    1    1    0    0    2
    -0.760656362929994    1    2    2    0    0
     0.000000000000000    1    2    1    1    0
     0.000000000000000    1    2    1    0    1
    -0.174311961519872    1    2    0    2    0
     0.000000000000000    1    2    0    1    1
     0.934968324449871    1    2    0    0    2
    -0.064248505858831    1    3    2    0    0
     0.000000000000000    1    3    1    1    0
     0.000000000000000    1    3    1    0    1
    -0.014723183327931    1    3    0    2    0
     0.000000000000000    1    3    0    1    1
     0.078971689186754    1    3    0    0    2
          11 -4.081694876413882E-002
     0.000000000000000    1    1    0    0    0
     0.000000000000000    1    2    0    0    0
     0.000000000000000    1    3    0    0    0
     0.000000000000001    1    4    0    0    0
    -0.000000000000000    1    5    0    0    0
    -0.000000000000003    1    6    0    0    0
     0.000000000000000    1    7    0    0    0
     0.000000000000003    1    8    0    0    0
     0.000000000000001    1    9    0    0    0
     0.000000000000000    1    1    1    0    0
     0.000000000000000    1    1    0    1    0
     0.000000000000000    1    1    0    0    1
     0.000000000000000    1    2    1    0    0
     0.000000000000000    1    2    0    1    0
     0.000000000000000    1    2    0    0    1
     0.000000000000000    1    3    1    0    0
     0.000000000000000    1    3    0    1    0
     0.000000000000000    1    3    0    0    1
     0.000000000000000    1    4    1    0    0
     0.000000000000000    1    4    0    1    0
     0.000000000000000    1    4    0    0    1
     0.000000000000000    1    5    1    0    0
     0.000000000000000    1    5    0    1    0
     0.000000000000000    1    5    0    0    1
     0.000000000000000    1    6    1    0    0
     0.000000000000000    1    6    0    1    0
     0.000000000000000    1    6    0    0    1
     0.002039260067592    1    1    2    0    0
     0.000000000000000    1    1    1    1    0
     0.000000000000000    1    1    1    0    1
    -0.003117174043685    1    1    0    2    0
     0.000000000000000    1    1    0    1    1
     0.001077913976093    1    1    0    0    2
     0.640443271711377    1    2    2    0    0
     0.000000000000000    1    2    1    1    0
     0.000000000000000    1    2    1    0    1
    -0.978969369703340    1    2    0    2    0
     0.000000000000000    1    2    0    1    1
     0.338526097991963    1    2    0    0    2
     0.054094759868043    1    3    2    0    0
     0.000000000000000    1    3    1    1    0
     0.000000000000000    1    3    1    0    1
    -0.082688218162959    1    3    0    2    0
     0.000000000000000    1    3    0    1    1
     0.028593458294919    1    3    0    0    2
          12 -4.081694876413877E-002
     0.000000000000000    1    1    0    0    0
     0.000000000000000    1    2    0    0    0
     0.000000000000000    1    3    0    0    0
     0.000000000000000    1    4    0    0    0
     0.000000000000000    1    5    0    0    0
     0.000000000000000    1    6    0    0    0
     0.000000000000000    1    7    0    0    0
     0.000000000000000    1    8    0    0    0
     0.000000000000000    1    9    0    0    0
     0.000000000000000    1    1    1    0    0
     0.000000000000000    1    1    0    1    0
     0.000000000000000    1    1    0    0    1
     0.000000000000000    1    2    1    0    0
     0.000000000000000    1    2    0    1    0
     0.000000000000000    1    2    0    0    1
     0.000000000000000    1    3    1    0    0
     0.000000000000000    1    3    0    1    0
     0.000000000000000    1    3    0    0    1
     0.000000000000000    1    4    1    0    0
     0.000000000000000    1    4    0    1    0
     0.000000000000000    1    4    0    0    1
     0.000000000000000    1    5    1    0    0
     0.000000000000000    1    5    0    1    0
     0.000000000000000    1    5    0    0    1
     0.000000000000000    1    6    1    0    0
     0.000000000000000    1    6    0    1    0
     0.000000000000000    1    6    0    0    1
     0.000000000000000    1    1    2    0    0
     0.000000000000000    1    1    1    1    0
     0.000000000000000    1    1    1    0    1
     0.000000000000000    1    1    0    2    0
     0.003166202160502    1    1    0    1    1
     0.000000000000000    1    1    0    0    2
     0.000000000000000    1    2    2    0    0
     0.000000000000000    1    2    1    1    0
     0.000000000000000    1    2    1    0    1
     0.000000000000000    1    2    0    2    0
     0.994366977904164    1    2    0    1    1
     0.000000000000000    1    2    0    0    2
     0.000000000000000    1    3    2    0    0
     0.000000000000000    1    3    1    1    0
     0.000000000000000    1    3    1    0    1
     0.000000000000000    1    3    0    2    0
     0.083988770381957    1    3    0    1    1
     0.000000000000000    1    3    0    0    2
          13 -4.081694876413877E-002
     0.000000000000000    1    1    0    0    0
     0.000000000000000    1    2    0    0    0
     0.000000000000000    1    3    0    0    0
     0.000000000000000    1    4    0    0    0
     0.000000000000000    1    5    0    0    0
     0.000000000000000    1    6    0    0    0
     0.000000000000000    1    7    0    0    0
     0.000000000000000    1    8    0    0    0
     0.000000000000000    1    9    0    0    0
     0.000000000000000    1    1    1    0    0
     0.000000000000000    1    1    0    1    0
     0.000000000000000    1    1    0    0    1
     0.000000000000000    1    2    1    0    0
     0.000000000000000    1    2    0    1    0
     0.000000000000000    1    2    0    0    1
     0.000000000000000    1    3    1    0    0
     0.000000000000000    1    3    0    1    0
     0.000000000000000    1    3    0    0    1
     0.000000000000000    1    4    1    0    0
     0.000000000000000    1    4    0    1    0
     0.000000000000000    1    4    0    0    1
     0.000000000000000    1    5    1    0    0
     0.000000000000000    1    5    0    1    0
     0.000000000000000    1    5    0    0    1
     0.000000000000000    1    6    1    0    0
     0.000000000000000    1    6    0    1    0
     0.000000000000000    1    6    0    0    1
     0.000000000000000    1    1    2    0    0
     0.000000000000000    1    1    1    1    0
     0.003166202160502    1    1    1    0    1
     0.000000000000000    1    1    0    2    0
     0.000000000000000    1    1    0    1    1
     0.000000000000000    1    1    0    0    2
     0.000000000000000    1    2    2    0    0
     0.000000000000000    1    2    1    1    0
     0.994366977904164    1    2    1    0    1
     0.000000000000000    1    2    0    2    0
     0.000000000000000    1    2    0    1    1
     0.000000000000000    1    2    0    0    2
     0.000000000000000    1    3    2    0    0
     0.000000000000000    1    3    1    1    0
     0.083988770381957    1    3    1    0    1
     0.000000000000000    1    3    0    2    0
     0.000000000000000    1    3    0    1    1
     0.000000000000000    1    3    0    0    2
          14 -4.081694876413876E-002
     0.000000000000000    1    1    0    0    0
     0.000000000000000    1    2    0    0    0
     0.000000000000000    1    3    0    0    0
     0.000000000000000    1    4    0    0    0
     0.000000000000000    1    5    0    0    0
     0.000000000000000    1    6    0    0    0
     0.000000000000000    1    7    0    0    0
     0.000000000000000    1    8    0    0    0
     0.000000000000000    1    9    0    0    0
     0.000000000000000    1    1    1    0    0
     0.000000000000000    1    1    0    1    0
     0.000000000000000    1    1    0    0    1
     0.000000000000000    1    2    1    0    0
     0.000000000000000    1    2    0    1    0
     0.000000000000000    1    2    0    0    1
     0.000000000000000    1    3    1    0    0
     0.000000000000000    1    3    0    1    0
     0.000000000000000    1    3    0    0    1
     0.000000000000000    1    4    1    0    0
     0.000000000000000    1    4    0    1    0
     0.000000000000000    1    4    0    0    1
     0.000000000000000    1    5    1    0    0
     0.000000000000000    1    5    0    1    0
     0.000000000000000    1    5    0    0    1
     0.000000000000000    1    6    1    0    0
     0.000000000000000    1    6    0    1    0
     0.000000000000000    1    6    0    0    1
     0.000000000000000    1    1    2    0    0
     0.003166202160502    1    1    1    1    0
     0.000000000000000    1    1    1    0    1
     0.000000000000000    1    1    0    2    0
     0.000000000000000    1    1    0    1    1
     0.000000000000000    1    1    0    0    2
     0.000000000000000    1    2    2    0    0
     0.994366977904164    1    2    1    1    0
     0.000000000000000    1    2    1    0    1
     0.000000000000000    1    2    0    2    0
     0.000000000000000    1    2    0    1    1
     0.000000000000000    1    2    0    0    2
     0.000000000000000    1    3    2    0    0
     0.083988770381957    1    3    1    1    0
     0.000000000000000    1    3    1    0    1
     0.000000000000000    1    3    0    2    0
     0.000000000000000    1    3    0    1    1
     0.000000000000000    1    3    0    0    2
          15 -3.081489477626274E-002
    -0.003130855613459    1    1    0    0    0
    -0.003674744457780    1    2    0    0    0
    -0.027691043641335    1    3    0    0    0
    -0.138570743834191    1    4    0    0    0
    -0.024478637491359    1    5    0    0    0
     0.959161370056947    1    6    0    0    0
    -1.638829807477522    1    7    0    0    0
    -0.493623531891968    1    8    0    0    0
     1.961551036328236    1    9    0    0    0
     0.000000000000000    1    1    1    0    0
     0.000000000000000    1    1    0    1    0
     0.000000000000000    1    1    0    0    1
     0.000000000000000    1    2    1    0    0
     0.000000000000000    1    2    0    1    0
     0.000000000000000    1    2    0    0    1
     0.000000000000000    1    3    1    0    0
     0.000000000000000    1    3    0    1    0
     0.000000000000000    1    3    0    0    1
     0.000000000000000    1    4    1    0    0
     0.000000000000000    1    4    0    1    0
     0.000000000000000    1    4    0    0    1
     0.000000000000000    1    5    1    0    0
     0.000000000000000    1    5    0    1    0
     0.000000000000000    1    5    0    0    1
     0.000000000000000    1    6    1    0    0
     0.000000000000000    1    6    0    1    0
     0.000000000000000    1    6    0    0    1
     0.004506933980372    1    1    2    0    0
     0.000000000000000    1    1    1    1    0
     0.000000000000000    1    1    1    0    1
     0.004506933980373    1    1    0    2    0
     0.000000000000000    1    1    0    1    1
     0.004506933980373    1    1    0    0    2
     0.184663714306797    1    2    2    0    0
     0.000000000000000    1    2    1    1    0
     0.000000000000000    1    2    1    0    1
     0.184663714306800    1    2    0    2    0
     0.000000000000000    1    2    0    1    1
     0.184663714306792    1    2    0    0    2
    -0.289107272524572    1    3    2    0    0
     0.000000000000000    1    3    1    1    0
     0.000000000000000    1    3    1    0    1
    -0.289107272524569    1    3    0    2    0
     0.000000000000000    1    3    0    1    1
    -0.289107272524577    1    3    0    0    2
          16 -3.032139523511177E-002
     0.000000000000000    1    1    0    0    0
     0.000000000000000    1    2    0    0    0
     0.000000000000000    1    3    0    0    0
     0.000000000000000    1    4    0    0    0
     0.000000000000000    1    5    0    0    0
     0.000000000000000    1    6    0    0    0
     0.000000000000000    1    7    0    0    0
     0.000000000000000    1    8    0    0    0
     0.000000000000000    1    9    0    0    0
     0.000000000000000    1    1    1    0    0
     0.000000000000000    1    1    0    1    0
     0.001280752109311    1    1    0    0    1
     0.000000000000000    1    2    1    0    0
     0.000000000000000    1    2    0    1    0
     0.009925067397864    1    2    0    0    1
     0.000000000000000    1    3    1    0    0
     0.000000000000000    1    3    0    1    0
     0.112216541838015    1    3    0    0    1
     0.000000000000000    1    4    1    0    0
     0.000000000000000    1    4    0    1    0
     0.492583960119258    1    4    0    0    1
     0.000000000000000    1    5    1    0    0
     0.000000000000000    1    5    0    1    0
    -1.212997763444094    1    5    0    0    1
     0.000000000000000    1    6    1    0    0
     0.000000000000000    1    6    0    1    0
     1.181235820653026    1    6    0    0    1
     0.000000000000000    1    1    2    0    0
     0.000000000000000    1    1    1    1    0
     0.000000000000000    1    1    1    0    1
     0.000000000000000    1    1    0    2    0
     0.000000000000000    1    1    0    1    1
     0.000000000000000    1    1    0    0    2
     0.000000000000000    1    2    2    0    0
     0.000000000000000    1    2    1    1    0
     0.000000000000000    1    2    1    0    1
     0.000000000000000    1    2    0    2    0
     0.000000000000000    1    2    0    1    1
     0.000000000000000    1    2    0    0    2
     0.000000000000000    1    3    2    0    0
     0.000000000000000    1    3    1    1    0
     0.000000000000000    1    3    1    0    1
     0.000000000000000    1    3    0    2    0
     0.000000000000000    1    3    0    1    1
     0.000000000000000    1    3    0    0    2
          17 -3.032139523511176E-002
     0.000000000000000    1    1    0    0    0
     0.000000000000000    1    2    0    0    0
     0.000000000000000    1    3    0    0    0
     0.000000000000000    1    4    0    0    0
     0.000000000000000    1    5    0    0    0
     0.000000000000000    1    6    0    0    0
     0.000000000000000    1    7    0    0    0
     0.000000000000000    1    8    0    0    0
     0.000000000000000    1    9    0    0    0
     0.001280752109311    1    1    1    0    0
     0.000000000000000    1    1    0    1    0
     0.000000000000000    1    1    0    0    1
     0.009925067397864    1    2    1    0    0
     0.000000000000000    1    2    0    1    0
     0.000000000000000    1    2    0    0    1
     0.112216541838015    1    3    1    0    0
     0.000000000000000    1    3    0    1    0
     0.000000000000000    1    3    0    0    1
     0.492583960119259    1    4    1    0    0
     0.000000000000000    1    4    0    1    0
     0.000000000000000    1    4    0    0    1
    -1.212997763444095    1    5    1    0    0
     0.000000000000000    1    5    0    1    0
     0.000000000000000    1    5    0    0    1
     1.181235820653025    1    6    1    0    0
     0.000000000000000    1    6    0    1    0
     0.000000000000000    1    6    0    0    1
     0.000000000000000    1    1    2    0    0
     0.000000000000000    1    1    1    1    0
     0.000000000000000    1    1    1    0    1
     0.000000000000000    1    1    0    2    0
     0.000000000000000    1    1    0    1    1
     0.000000000000000    1    1    0    0    2
     0.000000000000000    1    2    2    0    0
     0.000000000000000    1    2    1    1    0
     0.000000000000000    1    2    1    0    1
     0.000000000000000    1    2    0    2    0
     0.000000000000000    1    2    0    1    1
     0.000000000000000    1    2    0    0    2
     0.000000000000000    1    3    2    0    0
     0.000000000000000    1    3    1    1    0
     0.000000000000000    1    3    1    0    1
     0.000000000000000    1    3    0    2    0
     0.000000000000000    1    3    0    1    1
     0.000000000000000    1    3    0    0    2
          18 -3.032139523511174E-002
     0.000000000000000    1    1    0    0    0
     0.000000000000000    1    2    0    0    0
     0.000000000000000    1    3    0    0    0
     0.000000000000000    1    4    0    0    0
     0.000000000000000    1    5    0    0    0
     0.000000000000000    1    6    0    0    0
     0.000000000000000    1    7    0    0    0
     0.000000000000000    1    8    0    0    0
     0.000000000000000    1    9    0    0    0
     0.000000000000000    1    1    1    0    0
     0.001280752109311    1    1    0    1    0
     0.000000000000000    1    1    0    0    1
     0.000000000000000    1    2    1    0    0
     0.009925067397864    1    2    0    1    0
     0.000000000000000    1    2    0    0    1
     0.000000000000000    1    3    1    0    0
     0.112216541838015    1    3    0    1    0
     0.000000000000000    1    3    0    0    1
     0.000000000000000    1    4    1    0    0
     0.492583960119260    1    4    0    1    0
     0.000000000000000    1    4    0    0    1
     0.000000000000000    1    5    1    0    0
    -1.212997763444096    1    5    0    1    0
     0.000000000000000    1    5    0    0    1
     0.000000000000000    1    6    1    0    0
     1.181235820653025    1    6    0    1    0
     0.000000000000000    1    6    0    0    1
     0.000000000000000    1    1    2    0    0
     0.000000000000000    1    1    1    1    0
     0.000000000000000    1    1    1    0    1
     0.000000000000000    1    1    0    2    0
     0.000000000000000    1    1    0    1    1
     0.000000000000000    1    1    0    0    2
     0.000000000000000    1    2    2    0    0
     0.000000000000000    1    2    1    1    0
     0.000000000000000    1    2    1    0    1
     0.000000000000000    1    2    0    2    0
     0.000000000000000    1    2    0    1    1
     0.000000000000000    1    2    0    0    2
     0.000000000000000    1    3    2    0    0
     0.000000000000000    1    3    1    1    0
     0.000000000000000    1    3    1    0    1
     0.000000000000000    1    3    0    2    0
     0.000000000000000    1    3    0    1    1
     0.000000000000000    1    3    0    0    2
          19 -2.320835902880117E-002
     0.000000000000000    1    1    0    0    0
     0.000000000000000    1    2    0    0    0
     0.000000000000000    1    3    0    0    0
     0.000000000000000    1    4    0    0    0
     0.000000000000000    1    5    0    0    0
     0.000000000000000    1    6    0    0    0
     0.000000000000000    1    7    0    0    0
     0.000000000000000    1    8    0    0    0
     0.000000000000000    1    9    0    0    0
     0.000000000000000    1    1    1    0    0
     0.000000000000000    1    1    0    1    0
     0.000000000000000    1    1    0    0    1
     0.000000000000000    1    2    1    0    0
     0.000000000000000    1    2    0    1    0
     0.000000000000000    1    2    0    0    1
     0.000000000000000    1    3    1    0    0
     0.000000000000000    1    3    0    1    0
     0.000000000000000    1    3    0    0    1
     0.000000000000000    1    4    1    0    0
     0.000000000000000    1    4    0    1    0
     0.000000000000000    1    4    0    0    1
     0.000000000000000    1    5    1    0    0
     0.000000000000000    1    5    0    1    0
     0.000000000000000    1    5    0    0    1
     0.000000000000000    1    6    1    0    0
     0.000000000000000    1    6    0    1    0
     0.000000000000000    1    6    0    0    1
     0.000000000000000    1    1    2    0    0
     0.000000000000000    1    1    1    1    0
     0.000000000000000    1    1    1    0    1
     0.000000000000000    1    1    0    2    0
    -0.000349412039188    1    1    0    1    1
     0.000000000000000    1    1    0    0    2
     0.000000000000000    1    2    2    0    0
     0.000000000000000    1    2    1    1    0
     0.000000000000000    1    2    1    0    1
     0.000000000000000    1    2    0    2    0
    -0.107934954740996    1    2    0    1    1
     0.000000000000000    1    2    0    0    2
     0.000000000000000    1    3    2    0    0
     0.000000000000000    1    3    1    1    0
     0.000000000000000    1    3    1    0    1
     0.000000000000000    1    3    0    2    0
     0.996757230730477    1    3    0    1    1
     0.000000000000000    1    3    0    0    2
          20 -2.320835902880117E-002
     0.000000000000000    1    1    0    0    0
     0.000000000000000    1    2    0    0    0
     0.000000000000000    1    3    0    0    0
     0.000000000000000    1    4    0    0    0
     0.000000000000000    1    5    0    0    0
     0.000000000000000    1    6    0    0    0
     0.000000000000000    1    7    0    0    0
     0.000000000000000    1    8    0    0    0
     0.000000000000000    1    9    0    0    0
     0.000000000000000    1    1    1    0    0
     0.000000000000000    1    1    0    1    0
     0.000000000000000    1    1    0    0    1
     0.000000000000000    1    2    1    0    0
     0.000000000000000    1    2    0    1    0
     0.000000000000000    1    2    0    0    1
     0.000000000000000    1    3    1    0    0
     0.000000000000000    1    3    0    1    0
     0.000000000000000    1    3    0    0    1
     0.000000000000000    1    4    1    0    0
     0.000000000000000    1    4    0    1    0
     0.000000000000000    1    4    0    0    1
     0.000000000000000    1    5    1    0    0
     0.000000000000000    1    5    0    1    0
     0.000000000000000    1    5    0    0    1
     0.000000000000000    1    6    1    0    0
     0.000000000000000    1    6    0    1    0
     0.000000000000000    1    6    0    0    1
     0.000000000000000    1    1    2    0    0
     0.000000000000000    1    1    1    1    0
    -0.000349412039188    1    1    1    0    1
     0.000000000000000    1    1    0    2    0
     0.000000000000000    1    1    0    1    1
     0.000000000000000    1    1    0    0    2
     0.000000000000000    1    2    2    0    0
     0.000000000000000    1    2    1    1    0
    -0.107934954740996    1    2    1    0    1
     0.000000000000000    1    2    0    2    0
     0.000000000000000    1    2    0    1    1
     0.000000000000000    1    2    0    0    2
     0.000000000000000    1    3    2    0    0
     0.000000000000000    1    3    1    1    0
     0.996757230730477    1    3    1    0    1
     0.000000000000000    1    3    0    2    0
     0.000000000000000    1    3    0    1    1
     0.000000000000000    1    3    0    0    2
          21 -2.320835902880117E-002
     0.000000000000000    1    1    0    0    0
     0.000000000000000    1    2    0    0    0
     0.000000000000000    1    3    0    0    0
     0.000000000000000    1    4    0    0    0
     0.000000000000000    1    5    0    0    0
     0.000000000000000    1    6    0    0    0
     0.000000000000000    1    7    0    0    0
     0.000000000000000    1    8    0    0    0
     0.000000000000000    1    9    0    0    0
     0.000000000000000    1    1    1    0    0
     0.000000000000000    1    1    0    1    0
     0.000000000000000    1    1    0    0    1
     0.000000000000000    1    2    1    0    0
     0.000000000000000    1    2    0    1    0
     0.000000000000000    1    2    0    0    1
     0.000000000000000    1    3    1    0    0
     0.000000000000000    1    3    0    1    0
     0.000000000000000    1    3    0    0    1
     0.000000000000000    1    4    1    0    0
     0.000000000000000    1    4    0    1    0
     0.000000000000000    1    4    0    0    1
     0.000000000000000    1    5    1    0    0
     0.000000000000000    1    5    0    1    0
     0.000000000000000    1    5    0    0    1
     0.000000000000000    1    6    1    0    0
     0.000000000000000    1    6    0    1    0
     0.000000000000000    1    6    0    0    1
     0.000000000000000    1    1    2    0    0
    -0.000349412039188    1    1    1    1    0
     0.000000000000000    1    1    1    0    1
     0.000000000000000    1    1    0    2    0
     0.000000000000000    1    1    0    1    1
     0.000000000000000    1    1    0    0    2
     0.000000000000000    1    2    2    0    0
    -0.107934954740996    1    2    1    1    0
     0.000000000000000    1    2    1    0    1
     0.000000000000000    1    2    0    2    0
     0.000000000000000    1    2    0    1    1
     0.000000000000000    1    2    0    0    2
     0.000000000000000    1    3    2    0    0
     0.996757230730477    1    3    1    1    0
     0.000000000000000    1    3    1    0    1
     0.000000000000000    1    3    0    2    0
     0.000000000000000    1    3    0    1    1
     0.000000000000000    1    3    0    0    2
          22 -2.320835902880114E-002
    -0.000000000000000    1    1    0    0    0
     0.000000000000000    1    2    0    0    0
     0.000000000000000    1    3    0    0    0
     0.000000000000000    1    4    0    0    0
    -0.000000000000001    1    5    0    0    0
    -0.000000000000001    1    6    0    0    0
     0.000000000000007    1    7    0    0    0
    -0.000000000000013    1    8    0    0    0
     0.000000000000016    1    9    0    0    0
     0.000000000000000    1    1    1    0    0
     0.000000000000000    1    1    0    1    0
     0.000000000000000    1    1    0    0    1
     0.000000000000000    1    2    1    0    0
     0.000000000000000    1    2    0    1    0
     0.000000000000000    1    2    0    0    1
     0.000000000000000    1    3    1    0    0
     0.000000000000000    1    3    0    1    0
     0.000000000000000    1    3    0    0    1
     0.000000000000000    1    4    1    0    0
     0.000000000000000    1    4    0    1    0
     0.000000000000000    1    4    0    0    1
     0.000000000000000    1    5    1    0    0
     0.000000000000000    1    5    0    1    0
     0.000000000000000    1    5    0    0    1
     0.000000000000000    1    6    1    0    0
     0.000000000000000    1    6    0    1    0
     0.000000000000000    1    6    0    0    1
     0.000322273839304    1    1    2    0    0
     0.000000000000000    1    1    1    1    0
     0.000000000000000    1    1    1    0    1
    -0.000278061079784    1    1    0    2    0
     0.000000000000000    1    1    0    1    1
    -0.000044212759521    1    1    0    0    2
     0.099551842404454    1    2    2    0    0
     0.000000000000000    1    2    1    1    0
     0.000000000000000    1    2    1    0    1
    -0.085894321590596    1    2    0    2    0
     0.000000000000000    1    2    0    1    1
    -0.013657520813861    1    2    0    0    2
    -0.919340902928953    1    3    2    0    0
     0.000000000000000    1    3    1    1    0
     0.000000000000000    1    3    1    0    1
     0.793216491632024    1    3    0    2    0
     0.000000000000000    1    3    0    1    1
     0.126124411296913    1    3    0    0    2
          23 -2.320835902880112E-002
    -0.000000000000000    1    1    0    0    0
    -0.000000000000000    1    2    0    0    0
    -0.000000000000000    1    3    0    0    0
    -0.000000000000001    1    4    0    0    0
    -0.000000000000001    1    5    0    0    0
     0.000000000000005    1    6    0    0    0
    -0.000000000000006    1    7    0    0    0
    -0.000000000000001    1    8    0    0    0
     0.000000000000004    1    9    0    0    0
     0.000000000000000    1    1    1    0    0
     0.000000000000000    1    1    0    1    0
     0.000000000000000    1    1    0    0    1
     0.000000000000000    1    2    1    0    0
     0.000000000000000    1    2    0    1    0
     0.000000000000000    1    2    0    0    1
     0.000000000000000    1    3    1    0    0
     0.000000000000000    1    3    0    1    0
     0.000000000000000    1    3    0    0    1
     0.000000000000000    1    4    1    0    0
     0.000000000000000    1    4    0    1    0
     0.000000000000000    1    4    0    0    1
     0.000000000000000    1    5    1    0    0
     0.000000000000000    1    5    0    1    0
     0.000000000000000    1    5    0    0    1
     0.000000000000000    1    6    1    0    0
     0.000000000000000    1    6    0    1    0
     0.000000000000000    1    6    0    0    1
     0.000135012390653    1    1    2    0    0
     0.000000000000000    1    1    1    1    0
     0.000000000000000    1    1    1    0    1
     0.000211591136486    1    1    0    2    0
     0.000000000000000    1    1    0    1    1
    -0.000346603527139    1    1    0    0    2
     0.041705936373845    1    2    2    0    0
     0.000000000000000    1    2    1    1    0
     0.000000000000000    1    2    1    0    1
     0.065361456328881    1    2    0    2    0
     0.000000000000000    1    2    0    1    1
    -0.107067392702725    1    2    0    0    2
    -0.385145792155744    1    3    2    0    0
     0.000000000000000    1    3    1    1    0
     0.000000000000000    1    3    1    0    1
    -0.603599680596720    1    3    0    2    0
     0.000000000000000    1    3    0    1    1
     0.988745472752465    1    3    0    0    2
          24 -1.947462655719917E-002
     0.002466030514214    1    1    0    0    0
     0.002378792107771    1    2    0    0    0
     0.020590471315798    1    3    0    0    0
     0.115111972914161    1    4    0    0    0
    -0.007855044348954    1    5    0    0    0
    -0.904615870013509    1    6    0    0    0
     2.200595915881812    1    7    0    0    0
    -1.167571740803865    1    8    0    0    0
    -0.431220760894591    1    9    0    0    0
     0.000000000000000    1    1    1    0    0
     0.000000000000000    1    1    0    1    0
     0.000000000000000    1    1    0    0    1
     0.000000000000000    1    2    1    0    0
     0.000000000000000    1    2    0    1    0
     0.000000000000000    1    2    0    0    1
     0.000000000000000    1    3    1    0    0
     0.000000000000000    1    3    0    1    0
     0.000000000000000    1    3    0    0    1
     0.000000000000000    1    4    1    0    0
     0.000000000000000    1    4    0    1    0
     0.000000000000000    1    4    0    0    1
     0.000000000000000    1    5    1    0    0
     0.000000000000000    1    5    0    1    0
     0.000000000000000    1    5    0    0    1
     0.000000000000000    1    6    1    0    0
     0.000000000000000    1    6    0    1    0
     0.000000000000000    1    6    0    0    1
    -0.004254006455347    1    1    2    0    0
     0.000000000000000    1    1    1    1    0
     0.000000000000000    1    1    1    0    1
    -0.004254006455347    1    1    0    2    0
     0.000000000000000    1    1    0    1    1
    -0.004254006455347    1    1    0    0    2
    -0.199737274837938    1    2    2    0    0
     0.000000000000000    1    2    1    1    0
     0.000000000000000    1    2    1    0    1
    -0.199737274837935    1    2    0    2    0
     0.000000000000000    1    2    0    1    1
    -0.199737274837937    1    2    0    0    2
     0.571299863135400    1    3    2    0    0
     0.000000000000000    1    3    1    1    0
     0.000000000000000    1    3    1    0    1
     0.571299863135406    1    3    0    2    0
     0.000000000000000    1    3    0    1    1
     0.571299863135403    1    3    0    0    2
          25 -1.213566958307479E-002
     0.003488089500087    1    1    0    0    0
     0.002722321821581    1    2    0    0    0
     0.027577913215666    1    3    0    0    0
     0.169903864734360    1    4    0    0    0
    -0.046462122871395    1    5    0    0    0
    -1.452016485508564    1    6    0    0    0
     4.389164619960197    1    7    0    0    0
    -6.144792532536795    1    8    0    0    0
     5.934976605748593    1    9    0    0    0
     0.000000000000000    1    1    1    0    0
     0.000000000000000    1    1    0    1    0
     0.000000000000000    1    1    0    0    1
     0.000000000000000    1    2    1    0    0
     0.000000000000000    1    2    0    1    0
     0.000000000000000    1    2    0    0    1
     0.000000000000000    1    3    1    0    0
     0.000000000000000    1    3    0    1    0
     0.000000000000000    1    3    0    0    1
     0.000000000000000    1    4    1    0    0
     0.000000000000000    1    4    0    1    0
     0.000000000000000    1    4    0    0    1
     0.000000000000000    1    5    1    0    0
     0.000000000000000    1    5    0    1    0
     0.000000000000000    1    5    0    0    1
     0.000000000000000    1    6    1    0    0
     0.000000000000000    1    6    0    1    0
     0.000000000000000    1    6    0    0    1
    -0.006891764824803    1    1    2    0    0
     0.000000000000000    1    1    1    1    0
     0.000000000000000    1    1    1    0    1
    -0.006891764824803    1    1    0    2    0
     0.000000000000000    1    1    0    1    1
    -0.006891764824803    1    1    0    0    2
    -0.351639325032425    1    2    2    0    0
     0.000000000000000    1    2    1    1    0
     0.000000000000000    1    2    1    0    1
    -0.351639325032425    1    2    0    2    0
     0.000000000000000    1    2    0    1    1
    -0.351639325032426    1    2    0    0    2
    -1.420315022728345    1    3    2    0    0
     0.000000000000000    1    3    1    1    0
     0.000000000000000    1    3    1    0    1
    -1.420315022728348    1    3    0    2    0
     0.000000000000000    1    3    0    1    1
    -1.420315022728346    1    3    0    0    2
          26  5.886241960925017E-002
     0.005710424137147    1    1    0    0    0
     0.035488429916620    1    2    0    0    0
     0.124238018698539    1    3    0    0    0
     0.004411851674201    1    4    0    0    0
     1.911294144842764    1    5    0    0    0
    -2.222312385126632    1    6    0    0    0
    -6.004082312045164    1    7    0    0    0
     3.271922815165902    1    8    0    0    0
    -2.099502756198194    1    9    0    0    0
     0.000000000000000    1    1    1    0    0
     0.000000000000000    1    1    0    1    0
     0.000000000000000    1    1    0    0    1
     0.000000000000000    1    2    1    0    0
     0.000000000000000    1    2    0    1    0
     0.000000000000000    1    2    0    0    1
     0.000000000000000    1    3    1    0    0
     0.000000000000000    1    3    0    1    0
     0.000000000000000    1    3    0    0    1
     0.000000000000000    1    4    1    0    0
     0.000000000000000    1    4    0    1    0
     0.000000000000000    1    4    0    0    1
     0.000000000000000    1    5    1    0    0
     0.000000000000000    1    5    0    1    0
     0.000000000000000    1    5    0    0    1
     0.000000000000000    1    6    1    0    0
     0.000000000000000    1    6    0    1    0
     0.000000000000000    1    6    0    0    1
     0.030455698765286    1    1    2    0    0
     0.000000000000000    1    1    1    1    0
     0.000000000000000    1    1    1    0    1
     0.030455698765285    1    1    0    2    0
     0.000000000000000    1    1    0    1    1
     0.030455698765286    1    1    0    0    2
     2.500284758642510    1    2    2    0    0
     0.000000000000000    1    2    1    1    0
     0.000000000000000    1    2    1    0    1
     2.500284758642512    1    2    0    2    0
     0.000000000000000    1    2    0    1    1
     2.500284758642509    1    2    0    0    2
     0.409835920481867    1    3    2    0    0
     0.000000000000000    1    3    1    1    0
     0.000000000000000    1    3    1    0    1
     0.409835920481867    1    3    0    2    0
     0.000000000000000    1    3    0    1    1
     0.409835920481867    1    3    0    0    2
          27  0.173992537661388     
     0.000000000000000    1    1    0    0    0
     0.000000000000000    1    2    0    0    0
     0.000000000000000    1    3    0    0    0
     0.000000000000000    1    4    0    0    0
     0.000000000000000    1    5    0    0    0
     0.000000000000000    1    6    0    0    0
     0.000000000000000    1    7    0    0    0
     0.000000000000000    1    8    0    0    0
     0.000000000000000    1    9    0    0    0
     0.015994317206054    1    1    1    0    0
     0.000000000000000    1    1    0    1    0
     0.000000000000000    1    1    0    0    1
    -0.011935239249081    1    2    1    0    0
     0.000000000000000    1    2    0    1    0
     0.000000000000000    1    2    0    0    1
     1.249711918674736    1    3    1    0    0
     0.000000000000000    1    3    0    1    0
     0.000000000000000    1    3    0    0    1
    -1.217011780174409    1    4    1    0    0
     0.000000000000000    1    4    0    1    0
     0.000000000000000    1    4    0    0    1
     0.613057572564869    1    5    1    0    0
     0.000000000000000    1    5    0    1    0
     0.000000000000000    1    5    0    0    1
    -0.207493242340033    1    6    1    0    0
     0.000000000000000    1    6    0    1    0
     0.000000000000000    1    6    0    0    1
     0.000000000000000    1    1    2    0    0
     0.000000000000000    1    1    1    1    0
     0.000000000000000    1    1    1    0    1
     0.000000000000000    1    1    0    2    0
     0.000000000000000    1    1    0    1    1
     0.000000000000000    1    1    0    0    2
     0.000000000000000    1    2    2    0    0
     0.000000000000000    1    2    1    1    0
     0.000000000000000    1    2    1    0    1
     0.000000000000000    1    2    0    2    0
     0.000000000000000    1    2    0    1    1
     0.000000000000000    1    2    0    0    2
     0.000000000000000    1    3    2    0    0
     0.000000000000000    1    3    1    1    0
     0.000000000000000    1    3    1    0    1
     0.000000000000000    1    3    0    2    0
     0.000000000000000    1    3    0    1    1
     0.000000000000000    1    3    0    0    2
          28  0.173992537661388     
     0.000000000000000    1    1    0    0    0
     0.000000000000000    1    2    0    0    0
     0.000000000000000    1    3    0    0    0
     0.000000000000000    1    4    0    0    0
     0.000000000000000    1    5    0    0    0
     0.000000000000000    1    6    0    0    0
     0.000000000000000    1    7    0    0    0
     0.000000000000000    1    8    0    0    0
     0.000000000000000    1    9    0    0    0
     0.000000000000000    1    1    1    0    0
     0.000000000000000    1    1    0    1    0
     0.015994317206055    1    1    0    0    1
     0.000000000000000    1    2    1    0    0
     0.000000000000000    1    2    0    1    0
    -0.011935239249082    1    2    0    0    1
     0.000000000000000    1    3    1    0    0
     0.000000000000000    1    3    0    1    0
     1.249711918674736    1    3    0    0    1
     0.000000000000000    1    4    1    0    0
     0.000000000000000    1    4    0    1    0
    -1.217011780174409    1    4    0    0    1
     0.000000000000000    1    5    1    0    0
     0.000000000000000    1    5    0    1    0
     0.613057572564869    1    5    0    0    1
     0.000000000000000    1    6    1    0    0
     0.000000000000000    1    6    0    1    0
    -0.207493242340034    1    6    0    0    1
     0.000000000000000    1    1    2    0    0
     0.000000000000000    1    1    1    1    0
     0.000000000000000    1    1    1    0    1
     0.000000000000000    1    1    0    2    0
     0.000000000000000    1    1    0    1    1
     0.000000000000000    1    1    0    0    2
     0.000000000000000    1    2    2    0    0
     0.000000000000000    1    2    1    1    0
     0.000000000000000    1    2    1    0    1
     0.000000000000000    1    2    0    2    0
     0.000000000000000    1    2    0    1    1
     0.000000000000000    1    2    0    0    2
     0.000000000000000    1    3    2    0    0
     0.000000000000000    1    3    1    1    0
     0.000000000000000    1    3    1    0    1
     0.000000000000000    1    3    0    2    0
     0.000000000000000    1    3    0    1    1
     0.000000000000000    1    3    0    0    2
          29  0.173992537661388     
     0.000000000000000    1    1    0    0    0
     0.000000000000000    1    2    0    0    0
     0.000000000000000    1    3    0    0    0
     0.000000000000000    1    4    0    0    0
     0.000000000000000    1    5    0    0    0
     0.000000000000000    1    6    0    0    0
     0.000000000000000    1    7    0    0    0
     0.000000000000000    1    8    0    0    0
     0.000000000000000    1    9    0    0    0
     0.000000000000000    1    1    1    0    0
     0.015994317206055    1    1    0    1    0
     0.000000000000000    1    1    0    0    1
     0.000000000000000    1    2    1    0    0
    -0.011935239249082    1    2    0    1    0
     0.000000000000000    1    2    0    0    1
     0.000000000000000    1    3    1    0    0
     1.249711918674736    1    3    0    1    0
     0.000000000000000    1    3    0    0    1
     0.000000000000000    1    4    1    0    0
    -1.217011780174408    1    4    0    1    0
     0.000000000000000    1    4    0    0    1
     0.000000000000000    1    5    1    0    0
     0.613057572564869    1    5    0    1    0
     0.000000000000000    1    5    0    0    1
     0.000000000000000    1    6    1    0    0
    -0.207493242340033    1    6    0    1    0
     0.000000000000000    1    6    0    0    1
     0.000000000000000    1    1    2    0    0
     0.000000000000000    1    1    1    1    0
     0.000000000000000    1    1    1    0    1
     0.000000000000000    1    1    0    2    0
     0.000000000000000    1    1    0    1    1
     0.000000000000000    1    1    0    0    2
     0.000000000000000    1    2    2    0    0
     0.000000000000000    1    2    1    1    0
     0.000000000000000    1    2    1    0    1
     0.000000000000000    1    2    0    2    0
     0.000000000000000    1    2    0    1    1
     0.000000000000000    1    2    0    0    2
     0.000000000000000    1    3    2    0    0
     0.000000000000000    1    3    1    1    0
     0.000000000000000    1    3    1    0    1
     0.000000000000000    1    3    0    2    0
     0.000000000000000    1    3    0    1    1
     0.000000000000000    1    3    0    0    2
          30  0.332042934300350     
     0.027303266134621    1    1    0    0    0
    -0.058054985691777    1    2    0    0    0
     0.005718736033245    1    3    0    0    0
     2.625407449028354    1    4    0    0    0
    -6.470534137718276    1    5    0    0    0
     6.004354881196288    1    6    0    0    0
     3.251756307726239    1    7    0    0    0
    -1.472770471943940    1    8    0    0    0
     0.905036870939133    1    9    0    0    0
     0.000000000000000    1    1    1    0    0
     0.000000000000000    1    1    0    1    0
     0.000000000000000    1    1    0    0    1
     0.000000000000000    1    2    1    0    0
     0.000000000000000    1    2    0    1    0
     0.000000000000000    1    2    0    0    1
     0.000000000000000    1    3    1    0    0
     0.000000000000000    1    3    0    1    0
     0.000000000000000    1    3    0    0    1
     0.000000000000000    1    4    1    0    0
     0.000000000000000    1    4    0    1    0
     0.000000000000000    1    4    0    0    1
     0.000000000000000    1    5    1    0    0
     0.000000000000000    1    5    0    1    0
     0.000000000000000    1    5    0    0    1
     0.000000000000000    1    6    1    0    0
     0.000000000000000    1    6    0    1    0
     0.000000000000000    1    6    0    0    1
    -0.169869077314856    1    1    2    0    0
     0.000000000000000    1    1    1    1    0
     0.000000000000000    1    1    1    0    1
    -0.169869077314856    1    1    0    2    0
     0.000000000000000    1    1    0    1    1
    -0.169869077314855    1    1    0    0    2
    -2.343163931130935    1    2    2    0    0
     0.000000000000000    1    2    1    1    0
     0.000000000000000    1    2    1    0    1
    -2.343163931130936    1    2    0    2    0
     0.000000000000000    1    2    0    1    1
    -2.343163931130932    1    2    0    0    2
    -0.174862603713503    1    3    2    0    0
     0.000000000000000    1    3    1    1    0
     0.000000000000000    1    3    1    0    1
    -0.174862603713502    1    3    0    2    0
     0.000000000000000    1    3    0    1    1
    -0.174862603713503    1    3    0    0    2
          31   1.32251687597176     
     0.019052303755458    1    1    0    0    0
    -0.472678046021267    1    2    0    0    0
    -1.647375658004013    1    3    0    0    0
     5.674356430383023    1    4    0    0    0
    -5.146228963454106    1    5    0    0    0
     3.646670964959416    1    6    0    0    0
     1.537747143907005    1    7    0    0    0
    -0.692489071046046    1    8    0    0    0
     0.426303022595906    1    9    0    0    0
     0.000000000000000    1    1    1    0    0
     0.000000000000000    1    1    0    1    0
     0.000000000000000    1    1    0    0    1
     0.000000000000000    1    2    1    0    0
     0.000000000000000    1    2    0    1    0
     0.000000000000000    1    2    0    0    1
     0.000000000000000    1    3    1    0    0
     0.000000000000000    1    3    0    1    0
     0.000000000000000    1    3    0    0    1
     0.000000000000000    1    4    1    0    0
     0.000000000000000    1    4    0    1    0
     0.000000000000000    1    4    0    0    1
     0.000000000000000    1    5    1    0    0
     0.000000000000000    1    5    0    1    0
     0.000000000000000    1    5    0    0    1
     0.000000000000000    1    6    1    0    0
     0.000000000000000    1    6    0    1    0
     0.000000000000000    1    6    0    0    1
    -0.796484175139607    1    1    2    0    0
     0.000000000000000    1    1    1    1    0
     0.000000000000000    1    1    1    0    1
    -0.796484175139607    1    1    0    2    0
     0.000000000000000    1    1    0    1    1
    -0.796484175139605    1    1    0    0    2
    -1.221246076012833    1    2    2    0    0
     0.000000000000000    1    2    1    1    0
     0.000000000000000    1    2    1    0    1
    -1.221246076012834    1    2    0    2    0
     0.000000000000000    1    2    0    1    1
    -1.221246076012833    1    2    0    0    2
    -0.082433417251223    1    3    2    0    0
     0.000000000000000    1    3    1    1    0
     0.000000000000000    1    3    1    0    1
    -0.082433417251223    1    3    0    2    0
     0.000000000000000    1    3    0    1    1
    -0.082433417251223    1    3    0    0    2
          32   1.50532480001347     
     0.000000000000000    1    1    0    0    0
     0.000000000000000    1    2    0    0    0
     0.000000000000000    1    3    0    0    0
     0.000000000000000    1    4    0    0    0
     0.000000000000000    1    5    0    0    0
     0.000000000000000    1    6    0    0    0
     0.000000000000000    1    7    0    0    0
     0.000000000000000    1    8    0    0    0
     0.000000000000000    1    9    0    0    0
    -0.073506866882360    1    1    1    0    0
     0.000000000000000    1    1    0    1    0
     0.000000000000000    1    1    0    0    1
     1.329692882050002    1    2    1    0    0
     0.000000000000000    1    2    0    1    0
     0.000000000000000    1    2    0    0    1
    -1.001285984939663    1    3    1    0    0
     0.000000000000000    1    3    0    1    0
     0.000000000000000    1    3    0    0    1
     0.450540576965711    1    4    1    0    0
     0.000000000000000    1    4    0    1    0
     0.000000000000000    1    4    0    0    1
    -0.180197629669218    1    5    1    0    0
     0.000000000000000    1    5    0    1    0
     0.000000000000000    1    5    0    0    1
     0.057357394741845    1    6    1    0    0
     0.000000000000000    1    6    0    1    0
     0.000000000000000    1    6    0    0    1
     0.000000000000000    1    1    2    0    0
     0.000000000000000    1    1    1    1    0
     0.000000000000000    1    1    1    0    1
     0.000000000000000    1    1    0    2    0
     0.000000000000000    1    1    0    1    1
     0.000000000000000    1    1    0    0    2
     0.000000000000000    1    2    2    0    0
     0.000000000000000    1    2    1    1    0
     0.000000000000000    1    2    1    0    1
     0.000000000000000    1    2    0    2    0
     0.000000000000000    1    2    0    1    1
     0.000000000000000    1    2    0    0    2
     0.000000000000000    1    3    2    0    0
     0.000000000000000    1    3    1    1    0
     0.000000000000000    1    3    1    0    1
     0.000000000000000    1    3    0    2    0
     0.000000000000000    1    3    0    1    1
     0.000000000000000    1    3    0    0    2
          33   1.50532480001347     
     0.000000000000000    1    1    0    0    0
     0.000000000000000    1    2    0    0    0
     0.000000000000000    1    3    0    0    0
     0.000000000000000    1    4    0    0    0
     0.000000000000000    1    5    0    0    0
     0.000000000000000    1    6    0    0    0
     0.000000000000000    1    7    0    0    0
     0.000000000000000    1    8    0    0    0
     0.000000000000000    1    9    0    0    0
     0.000000000000000    1    1    1    0    0
     0.000000000000000    1    1    0    1    0
    -0.073506866882360    1    1    0    0    1
     0.000000000000000    1    2    1    0    0
     0.000000000000000    1    2    0    1    0
     1.329692882050002    1    2    0    0    1
     0.000000000000000    1    3    1    0    0
     0.000000000000000    1    3    0    1    0
    -1.001285984939662    1    3    0    0    1
     0.000000000000000    1    4    1    0    0
     0.000000000000000    1    4    0    1    0
     0.450540576965710    1    4    0    0    1
     0.000000000000000    1    5    1    0    0
     0.000000000000000    1    5    0    1    0
    -0.180197629669218    1    5    0    0    1
     0.000000000000000    1    6    1    0    0
     0.000000000000000    1    6    0    1    0
     0.057357394741845    1    6    0    0    1
     0.000000000000000    1    1    2    0    0
     0.000000000000000    1    1    1    1    0
     0.000000000000000    1    1    1    0    1
     0.000000000000000    1    1    0    2    0
     0.000000000000000    1    1    0    1    1
     0.000000000000000    1    1    0    0    2
     0.000000000000000    1    2    2    0    0
     0.000000000000000    1    2    1    1    0
     0.000000000000000    1    2    1    0    1
     0.000000000000000    1    2    0    2    0
     0.000000000000000    1    2    0    1    1
     0.000000000000000    1    2    0    0    2
     0.000000000000000    1    3    2    0    0
     0.000000000000000    1    3    1    1    0
     0.000000000000000    1    3    1    0    1
     0.000000000000000    1    3    0    2    0
     0.000000000000000    1    3    0    1    1
     0.000000000000000    1    3    0    0    2
          34   1.50532480001347     
     0.000000000000000    1    1    0    0    0
     0.000000000000000    1    2    0    0    0
     0.000000000000000    1    3    0    0    0
     0.000000000000000    1    4    0    0    0
     0.000000000000000    1    5    0    0    0
     0.000000000000000    1    6    0    0    0
     0.000000000000000    1    7    0    0    0
     0.000000000000000    1    8    0    0    0
     0.000000000000000    1    9    0    0    0
     0.000000000000000    1    1    1    0    0
    -0.073506866882360    1    1    0    1    0
     0.000000000000000    1    1    0    0    1
     0.000000000000000    1    2    1    0    0
     1.329692882050002    1    2    0    1    0
     0.000000000000000    1    2    0    0    1
     0.000000000000000    1    3    1    0    0
    -1.001285984939662    1    3    0    1    0
     0.000000000000000    1    3    0    0    1
     0.000000000000000    1    4    1    0    0
     0.450540576965710    1    4    0    1    0
     0.000000000000000    1    4    0    0    1
     0.000000000000000    1    5    1    0    0
    -0.180197629669218    1    5    0    1    0
     0.000000000000000    1    5    0    0    1
     0.000000000000000    1    6    1    0    0
     0.057357394741845    1    6    0    1    0
     0.000000000000000    1    6    0    0    1
     0.000000000000000    1    1    2    0    0
     0.000000000000000    1    1    1    1    0
     0.000000000000000    1    1    1    0    1
     0.000000000000000    1    1    0    2    0
     0.000000000000000    1    1    0    1    1
     0.000000000000000    1    1    0    0    2
     0.000000000000000    1    2    2    0    0
     0.000000000000000    1    2    1    1    0
     0.000000000000000    1    2    1    0    1
     0.000000000000000    1    2    0    2    0
     0.000000000000000    1    2    0    1    1
     0.000000000000000    1    2    0    0    2
     0.000000000000000    1    3    2    0    0
     0.000000000000000    1    3    1    1    0
     0.000000000000000    1    3    1    0    1
     0.000000000000000    1    3    0    2    0
     0.000000000000000    1    3    0    1    1
     0.000000000000000    1    3    0    0    2
          35   2.65092150542781     
     0.000000000000001    1    1    0    0    0
    -0.000000000000006    1    2    0    0    0
     0.000000000000003    1    3    0    0    0
     0.000000000000027    1    4    0    0    0
    -0.000000000000027    1    5    0    0    0
     0.000000000000020    1    6    0    0    0
     0.000000000000020    1    7    0    0    0
    -0.000000000000012    1    8    0    0    0
     0.000000000000008    1    9    0    0    0
     0.000000000000000    1    1    1    0    0
     0.000000000000000    1    1    0    1    0
     0.000000000000000    1    1    0    0    1
     0.000000000000000    1    2    1    0    0
     0.000000000000000    1    2    0    1    0
     0.000000000000000    1    2    0    0    1
     0.000000000000000    1    3    1    0    0
     0.000000000000000    1    3    0    1    0
     0.000000000000000    1    3    0    0    1
     0.000000000000000    1    4    1    0    0
     0.000000000000000    1    4    0    1    0
     0.000000000000000    1    4    0    0    1
     0.000000000000000    1    5    1    0    0
     0.000000000000000    1    5    0    1    0
     0.000000000000000    1    5    0    0    1
     0.000000000000000    1    6    1    0    0
     0.000000000000000    1    6    0    1    0
     0.000000000000000    1    6    0    0    1
     0.440190826669276    1    1    2    0    0
     0.000000000000000    1    1    1    1    0
     0.000000000000000    1    1    1    0    1
     0.557786970208964    1    1    0    2    0
     0.000000000000000    1    1    0    1    1
    -0.997977796878264    1    1    0    0    2
    -0.011997904563911    1    2    2    0    0
     0.000000000000000    1    2    1    1    0
     0.000000000000000    1    2    1    0    1
    -0.015203121987335    1    2    0    2    0
     0.000000000000000    1    2    0    1    1
     0.027201026551216    1    2    0    0    2
     0.000263259476453    1    3    2    0    0
     0.000000000000000    1    3    1    1    0
     0.000000000000000    1    3    1    0    1
     0.000333588745728    1    3    0    2    0
     0.000000000000000    1    3    0    1    1
    -0.000596848222186    1    3    0    0    2
          36   2.65092150542781     
     0.000000000000000    1    1    0    0    0
     0.000000000000000    1    2    0    0    0
     0.000000000000000    1    3    0    0    0
     0.000000000000000    1    4    0    0    0
     0.000000000000000    1    5    0    0    0
     0.000000000000000    1    6    0    0    0
     0.000000000000000    1    7    0    0    0
     0.000000000000000    1    8    0    0    0
     0.000000000000000    1    9    0    0    0
     0.000000000000000    1    1    1    0    0
     0.000000000000000    1    1    0    1    0
     0.000000000000000    1    1    0    0    1
     0.000000000000000    1    2    1    0    0
     0.000000000000000    1    2    0    1    0
     0.000000000000000    1    2    0    0    1
     0.000000000000000    1    3    1    0    0
     0.000000000000000    1    3    0    1    0
     0.000000000000000    1    3    0    0    1
     0.000000000000000    1    4    1    0    0
     0.000000000000000    1    4    0    1    0
     0.000000000000000    1    4    0    0    1
     0.000000000000000    1    5    1    0    0
     0.000000000000000    1    5    0    1    0
     0.000000000000000    1    5    0    0    1
     0.000000000000000    1    6    1    0    0
     0.000000000000000    1    6    0    1    0
     0.000000000000000    1    6    0    0    1
     0.000000000000000    1    1    2    0    0
     0.000000000000000    1    1    1    1    0
     1.000284609858838    1    1    1    0    1
     0.000000000000000    1    1    0    2    0
     0.000000000000000    1    1    0    1    1
     0.000000000000000    1    1    0    0    2
     0.000000000000000    1    2    2    0    0
     0.000000000000000    1    2    1    1    0
    -0.027263901378031    1    2    1    0    1
     0.000000000000000    1    2    0    2    0
     0.000000000000000    1    2    0    1    1
     0.000000000000000    1    2    0    0    2
     0.000000000000000    1    3    2    0    0
     0.000000000000000    1    3    1    1    0
     0.000598227829255    1    3    1    0    1
     0.000000000000000    1    3    0    2    0
     0.000000000000000    1    3    0    1    1
     0.000000000000000    1    3    0    0    2
          37   2.65092150542781     
     0.000000000000000    1    1    0    0    0
     0.000000000000000    1    2    0    0    0
     0.000000000000000    1    3    0    0    0
     0.000000000000000    1    4    0    0    0
     0.000000000000000    1    5    0    0    0
     0.000000000000000    1    6    0    0    0
     0.000000000000000    1    7    0    0    0
     0.000000000000000    1    8    0    0    0
     0.000000000000000    1    9    0    0    0
     0.000000000000000    1    1    1    0    0
     0.000000000000000    1    1    0    1    0
     0.000000000000000    1    1    0    0    1
     0.000000000000000    1    2    1    0    0
     0.000000000000000    1    2    0    1    0
     0.000000000000000    1    2    0    0    1
     0.000000000000000    1    3    1    0    0
     0.000000000000000    1    3    0    1    0
     0.000000000000000    1    3    0    0    1
     0.000000000000000    1    4    1    0    0
     0.000000000000000    1    4    0    1    0
     0.000000000000000    1    4    0    0    1
     0.000000000000000    1    5    1    0    0
     0.000000000000000    1    5    0    1    0
     0.000000000000000    1    5    0    0    1
     0.000000000000000    1    6    1    0    0
     0.000000000000000    1    6    0    1    0
     0.000000000000000    1    6    0    0    1
     0.000000000000000    1    1    2    0    0
     0.000000000000000    1    1    1    1    0
     0.000000000000000    1    1    1    0    1
     0.000000000000000    1    1    0    2    0
     1.000284609858838    1    1    0    1    1
     0.000000000000000    1    1    0    0    2
     0.000000000000000    1    2    2    0    0
     0.000000000000000    1    2    1    1    0
     0.000000000000000    1    2    1    0    1
     0.000000000000000    1    2    0    2    0
    -0.027263901378031    1    2    0    1    1
     0.000000000000000    1    2    0    0    2
     0.000000000000000    1    3    2    0    0
     0.000000000000000    1    3    1    1    0
     0.000000000000000    1    3    1    0    1
     0.000000000000000    1    3    0    2    0
     0.000598227829255    1    3    0    1    1
     0.000000000000000    1    3    0    0    2
          38   2.65092150542781     
     0.000000000000000    1    1    0    0    0
     0.000000000000000    1    2    0    0    0
     0.000000000000000    1    3    0    0    0
     0.000000000000000    1    4    0    0    0
     0.000000000000000    1    5    0    0    0
     0.000000000000000    1    6    0    0    0
     0.000000000000000    1    7    0    0    0
     0.000000000000000    1    8    0    0    0
     0.000000000000000    1    9    0    0    0
     0.000000000000000    1    1    1    0    0
     0.000000000000000    1    1    0    1    0
     0.000000000000000    1    1    0    0    1
     0.000000000000000    1    2    1    0    0
     0.000000000000000    1    2    0    1    0
     0.000000000000000    1    2    0    0    1
     0.000000000000000    1    3    1    0    0
     0.000000000000000    1    3    0    1    0
     0.000000000000000    1    3    0    0    1
     0.000000000000000    1    4    1    0    0
     0.000000000000000    1    4    0    1    0
     0.000000000000000    1    4    0    0    1
     0.000000000000000    1    5    1    0    0
     0.000000000000000    1    5    0    1    0
     0.000000000000000    1    5    0    0    1
     0.000000000000000    1    6    1    0    0
     0.000000000000000    1    6    0    1    0
     0.000000000000000    1    6    0    0    1
     0.000000000000000    1    1    2    0    0
     1.000284609858838    1    1    1    1    0
     0.000000000000000    1    1    1    0    1
     0.000000000000000    1    1    0    2    0
     0.000000000000000    1    1    0    1    1
     0.000000000000000    1    1    0    0    2
     0.000000000000000    1    2    2    0    0
    -0.027263901378031    1    2    1    1    0
     0.000000000000000    1    2    1    0    1
     0.000000000000000    1    2    0    2    0
     0.000000000000000    1    2    0    1    1
     0.000000000000000    1    2    0    0    2
     0.000000000000000    1    3    2    0    0
     0.000598227829255    1    3    1    1    0
     0.000000000000000    1    3    1    0    1
     0.000000000000000    1    3    0    2    0
     0.000000000000000    1    3    0    1    1
     0.000000000000000    1    3    0    0    2
          39   2.65092150542781     
     0.000000000000000    1    1    0    0    0
    -0.000000000000001    1    2    0    0    0
     0.000000000000002    1    3    0    0    0
     0.000000000000008    1    4    0    0    0
    -0.000000000000007    1    5    0    0    0
     0.000000000000004    1    6    0    0    0
     0.000000000000004    1    7    0    0    0
    -0.000000000000003    1    8    0    0    0
     0.000000000000002    1    9    0    0    0
     0.000000000000000    1    1    1    0    0
     0.000000000000000    1    1    0    1    0
     0.000000000000000    1    1    0    0    1
     0.000000000000000    1    2    1    0    0
     0.000000000000000    1    2    0    1    0
     0.000000000000000    1    2    0    0    1
     0.000000000000000    1    3    1    0    0
     0.000000000000000    1    3    0    1    0
     0.000000000000000    1    3    0    0    1
     0.000000000000000    1    4    1    0    0
     0.000000000000000    1    4    0    1    0
     0.000000000000000    1    4    0    0    1
     0.000000000000000    1    5    1    0    0
     0.000000000000000    1    5    0    1    0
     0.000000000000000    1    5    0    0    1
     0.000000000000000    1    6    1    0    0
     0.000000000000000    1    6    0    1    0
     0.000000000000000    1    6    0    0    1
    -0.898221207073549    1    1    2    0    0
     0.000000000000000    1    1    1    1    0
     0.000000000000000    1    1    1    0    1
     0.830327041945244    1    1    0    2    0
     0.000000000000000    1    1    0    1    1
     0.067894165128297    1    1    0    0    2
     0.024482046573487    1    2    2    0    0
     0.000000000000000    1    2    1    1    0
     0.000000000000000    1    2    1    0    1
    -0.022631513431266    1    2    0    2    0
     0.000000000000000    1    2    0    1    1
    -0.001850533142227    1    2    0    0    2
    -0.000537188033890    1    3    2    0    0
     0.000000000000000    1    3    1    1    0
     0.000000000000000    1    3    1    0    1
     0.000496583411340    1    3    0    2    0
     0.000000000000000    1    3    0    1    1
     0.000040604622547    1    3    0    0    2
          40   3.83327770362830     
    -0.168852892266717    1    1    0    0    0
     0.888405167979358    1    2    0    0    0
    -0.885588100627126    1    3    0    0    0
    -5.233186466035574    1    4    0    0    0
     3.163792247687623    1    5    0    0    0
    -2.076336274339492    1    6    0    0    0
    -0.856821448261532    1    7    0    0    0
     0.387828033384724    1    8    0    0    0
    -0.239193423693474    1    9    0    0    0
     0.000000000000000    1    1    1    0    0
     0.000000000000000    1    1    0    1    0
     0.000000000000000    1    1    0    0    1
     0.000000000000000    1    2    1    0    0
     0.000000000000000    1    2    0    1    0
     0.000000000000000    1    2    0    0    1
     0.000000000000000    1    3    1    0    0
     0.000000000000000    1    3    0    1    0
     0.000000000000000    1    3    0    0    1
     0.000000000000000    1    4    1    0    0
     0.000000000000000    1    4    0    1    0
     0.000000000000000    1    4    0    0    1
     0.000000000000000    1    5    1    0    0
     0.000000000000000    1    5    0    1    0
     0.000000000000000    1    5    0    0    1
     0.000000000000000    1    6    1    0    0
     0.000000000000000    1    6    0    1    0
     0.000000000000000    1    6    0    0    1
     1.980367130108257    1    1    2    0    0
     0.000000000000000    1    1    1    1    0
     0.000000000000000    1    1    1    0    1
     1.980367130108260    1    1    0    2    0
     0.000000000000000    1    1    0    1    1
     1.980367130108254    1    1    0    0    2
     0.683508023511197    1    2    2    0    0
     0.000000000000000    1    2    1    1    0
     0.000000000000000    1    2    1    0    1
     0.683508023511198    1    2    0    2    0
     0.000000000000000    1    2    0    1    1
     0.683508023511197    1    2    0    0    2
     0.046277136351603    1    3    2    0    0
     0.000000000000000    1    3    1    1    0
     0.000000000000000    1    3    1    0    1
     0.046277136351603    1    3    0    2    0
     0.000000000000000    1    3    0    1    1
     0.046277136351604    1    3    0    0    2
          41   7.84104485556230     
     0.000000000000000    1    1    0    0    0
     0.000000000000000    1    2    0    0    0
     0.000000000000000    1    3    0    0    0
     0.000000000000000    1    4    0    0    0
     0.000000000000000    1    5    0    0    0
     0.000000000000000    1    6    0    0    0
     0.000000000000000    1    7    0    0    0
     0.000000000000000    1    8    0    0    0
     0.000000000000000    1    9    0    0    0
     0.000000000000000    1    1    1    0    0
     1.274119858356359    1    1    0    1    0
     0.000000000000000    1    1    0    0    1
     0.000000000000000    1    2    1    0    0
    -0.897433775424910    1    2    0    1    0
     0.000000000000000    1    2    0    0    1
     0.000000000000000    1    3    1    0    0
     0.392658751177710    1    3    0    1    0
     0.000000000000000    1    3    0    0    1
     0.000000000000000    1    4    1    0    0
    -0.161344480075168    1    4    0    1    0
     0.000000000000000    1    4    0    0    1
     0.000000000000000    1    5    1    0    0
     0.064296319578151    1    5    0    1    0
     0.000000000000000    1    5    0    0    1
     0.000000000000000    1    6    1    0    0
    -0.020466640690962    1    6    0    1    0
     0.000000000000000    1    6    0    0    1
     0.000000000000000    1    1    2    0    0
     0.000000000000000    1    1    1    1    0
     0.000000000000000    1    1    1    0    1
     0.000000000000000    1    1    0    2    0
     0.000000000000000    1    1    0    1    1
     0.000000000000000    1    1    0    0    2
     0.000000000000000    1    2    2    0    0
     0.000000000000000    1    2    1    1    0
     0.000000000000000    1    2    1    0    1
     0.000000000000000    1    2    0    2    0
     0.000000000000000    1    2    0    1    1
     0.000000000000000    1    2    0    0    2
     0.000000000000000    1    3    2    0    0
     0.000000000000000    1    3    1    1    0
     0.000000000000000    1    3    1    0    1
     0.000000000000000    1    3    0    2    0
     0.000000000000000    1    3    0    1    1
     0.000000000000000    1    3    0    0    2
          42   7.84104485556230     
     0.000000000000000    1    1    0    0    0
     0.000000000000000    1    2    0    0    0
     0.000000000000000    1    3    0    0    0
     0.000000000000000    1    4    0    0    0
     0.000000000000000    1    5    0    0    0
     0.000000000000000    1    6    0    0    0
     0.000000000000000    1    7    0    0    0
     0.000000000000000    1    8    0    0    0
     0.000000000000000    1    9    0    0    0
     0.000000000000000    1    1    1    0    0
     0.000000000000000    1    1    0    1    0
     1.274119858356359    1    1    0    0    1
     0.000000000000000    1    2    1    0    0
     0.000000000000000    1    2    0    1    0
    -0.897433775424910    1    2    0    0    1
     0.000000000000000    1    3    1    0    0
     0.000000000000000    1    3    0    1    0
     0.392658751177710    1    3    0    0    1
     0.000000000000000    1    4    1    0    0
     0.000000000000000    1    4    0    1    0
    -0.161344480075168    1    4    0    0    1
     0.000000000000000    1    5    1    0    0
     0.000000000000000    1    5    0    1    0
     0.064296319578151    1    5    0    0    1
     0.000000000000000    1    6    1    0    0
     0.000000000000000    1    6    0    1    0
    -0.020466640690962    1    6    0    0    1
     0.000000000000000    1    1    2    0    0
     0.000000000000000    1    1    1    1    0
     0.000000000000000    1    1    1    0    1
     0.000000000000000    1    1    0    2    0
     0.000000000000000    1    1    0    1    1
     0.000000000000000    1    1    0    0    2
     0.000000000000000    1    2    2    0    0
     0.000000000000000    1    2    1    1    0
     0.000000000000000    1    2    1    0    1
     0.000000000000000    1    2    0    2    0
     0.000000000000000    1    2    0    1    1
     0.000000000000000    1    2    0    0    2
     0.000000000000000    1    3    2    0    0
     0.000000000000000    1    3    1    1    0
     0.000000000000000    1    3    1    0    1
     0.000000000000000    1    3    0    2    0
     0.000000000000000    1    3    0    1    1
     0.000000000000000    1    3    0    0    2
          43   7.84104485556230     
     0.000000000000000    1    1    0    0    0
     0.000000000000000    1    2    0    0    0
     0.000000000000000    1    3    0    0    0
     0.000000000000000    1    4    0    0    0
     0.000000000000000    1    5    0    0    0
     0.000000000000000    1    6    0    0    0
     0.000000000000000    1    7    0    0    0
     0.000000000000000    1    8    0    0    0
     0.000000000000000    1    9    0    0    0
     1.274119858356359    1    1    1    0    0
     0.000000000000000    1    1    0    1    0
     0.000000000000000    1    1    0    0    1
    -0.897433775424910    1    2    1    0    0
     0.000000000000000    1    2    0    1    0
     0.000000000000000    1    2    0    0    1
     0.392658751177710    1    3    1    0    0
     0.000000000000000    1    3    0    1    0
     0.000000000000000    1    3    0    0    1
    -0.161344480075167    1    4    1    0    0
     0.000000000000000    1    4    0    1    0
     0.000000000000000    1    4    0    0    1
     0.064296319578151    1    5    1    0    0
     0.000000000000000    1    5    0    1    0
     0.000000000000000    1    5    0    0    1
    -0.020466640690962    1    6    1    0    0
     0.000000000000000    1    6    0    1    0
     0.000000000000000    1    6    0    0    1
     0.000000000000000    1    1    2    0    0
     0.000000000000000    1    1    1    1    0
     0.000000000000000    1    1    1    0    1
     0.000000000000000    1    1    0    2    0
     0.000000000000000    1    1    0    1    1
     0.000000000000000    1    1    0    0    2
     0.000000000000000    1    2    2    0    0
     0.000000000000000    1    2    1    1    0
     0.000000000000000    1    2    1    0    1
     0.000000000000000    1    2    0    2    0
     0.000000000000000    1    2    0    1    1
     0.000000000000000    1    2    0    0    2
     0.000000000000000    1    3    2    0    0
     0.000000000000000    1    3    1    1    0
     0.000000000000000    1    3    1    0    1
     0.000000000000000    1    3    0    2    0
     0.000000000000000    1    3    0    1    1
     0.000000000000000    1    3    0    0    2
          44   9.82093692097963     
    -0.244728591720259    1    1    0    0    0
     4.069899345598359    1    2    0    0    0
    -4.787351238772303    1    3    0    0    0
    -3.556412966253673    1    4    0    0    0
     1.908854873386189    1    5    0    0    0
    -1.238152076300268    1    6    0    0    0
    -0.515960875076651    1    7    0    0    0
     0.234452128511934    1    8    0    0    0
    -0.144759388709463    1    9    0    0    0
     0.000000000000000    1    1    1    0    0
     0.000000000000000    1    1    0    1    0
     0.000000000000000    1    1    0    0    1
     0.000000000000000    1    2    1    0    0
     0.000000000000000    1    2    0    1    0
     0.000000000000000    1    2    0    0    1
     0.000000000000000    1    3    1    0    0
     0.000000000000000    1    3    0    1    0
     0.000000000000000    1    3    0    0    1
     0.000000000000000    1    4    1    0    0
     0.000000000000000    1    4    0    1    0
     0.000000000000000    1    4    0    0    1
     0.000000000000000    1    5    1    0    0
     0.000000000000000    1    5    0    1    0
     0.000000000000000    1    5    0    0    1
     0.000000000000000    1    6    1    0    0
     0.000000000000000    1    6    0    1    0
     0.000000000000000    1    6    0    0    1
     2.240351244163683    1    1    2    0    0
     0.000000000000000    1    1    1    1    0
     0.000000000000000    1    1    1    0    1
     2.240351244163684    1    1    0    2    0
     0.000000000000000    1    1    0    1    1
     2.240351244163680    1    1    0    0    2
     0.408966767958939    1    2    2    0    0
     0.000000000000000    1    2    1    1    0
     0.000000000000000    1    2    1    0    1
     0.408966767958939    1    2    0    2    0
     0.000000000000000    1    2    0    1    1
     0.408966767958941    1    2    0    0    2
     0.028015235109744    1    3    2    0    0
     0.000000000000000    1    3    1    1    0
     0.000000000000000    1    3    1    0    1
     0.028015235109743    1    3    0    2    0
     0.000000000000000    1    3    0    1    1
     0.028015235109743    1    3    0    0    2
          45   27.8728300300106     
     2.345549221556772    1    1    0    0    0
    -4.742849480895199    1    2    0    0    0
     3.926411579980336    1    3    0    0    0
     1.983118007276649    1    4    0    0    0
    -1.064287814997140    1    5    0    0    0
     0.694525872912398    1    6    0    0    0
     0.293580858308374    1    7    0    0    0
    -0.133799637732467    1    8    0    0    0
     0.082677329197803    1    9    0    0    0
     0.000000000000000    1    1    1    0    0
     0.000000000000000    1    1    0    1    0
     0.000000000000000    1    1    0    0    1
     0.000000000000000    1    2    1    0    0
     0.000000000000000    1    2    0    1    0
     0.000000000000000    1    2    0    0    1
     0.000000000000000    1    3    1    0    0
     0.000000000000000    1    3    0    1    0
     0.000000000000000    1    3    0    0    1
     0.000000000000000    1    4    1    0    0
     0.000000000000000    1    4    0    1    0
     0.000000000000000    1    4    0    0    1
     0.000000000000000    1    5    1    0    0
     0.000000000000000    1    5    0    1    0
     0.000000000000000    1    5    0    0    1
     0.000000000000000    1    6    1    0    0
     0.000000000000000    1    6    0    1    0
     0.000000000000000    1    6    0    0    1
    -1.433696616509929    1    1    2    0    0
     0.000000000000000    1    1    1    1    0
     0.000000000000000    1    1    1    0    1
    -1.433696616509929    1    1    0    2    0
     0.000000000000000    1    1    0    1    1
    -1.433696616509927    1    1    0    0    2
    -0.230993804078095    1    2    2    0    0
     0.000000000000000    1    2    1    1    0
     0.000000000000000    1    2    1    0    1
    -0.230993804078095    1    2    0    2    0
     0.000000000000000    1    2    0    1    1
    -0.230993804078096    1    2    0    0    2
    -0.016003790412908    1    3    2    0    0
     0.000000000000000    1    3    1    1    0
     0.000000000000000    1    3    1    0    1
    -0.016003790412908    1    3    0    2    0
     0.000000000000000    1    3    0    1    1
    -0.016003790412908    1    3    0    0    2
